>homer-M01013
31	28	16	25
25	30	22	23
26	34	25	16
27	34	33	6
37	15	39	8
7	19	16	58
81	7	10	2
4	17	10	69
18	58	21	3
50	7	25	17
35	10	27	28
44	21	25	10
25	9	18	49
22	32	12	34
20	10	33	37
