>homer-M00995
45	10	10	35
23	19	18	40
23	26	7	44
1	46	51	2
1	98	0	0
0	89	0	11
1	35	11	54
4	35	53	8
54	11	35	1
11	0	89	0
0	0	98	1
2	51	46	1
31	10	44	15
57	14	12	17
33	18	22	28
