>homer-M00953
33	22	18	28
21	10	20	49
22	15	35	28
26	15	32	27
38	26	14	22
76	1	15	8
83	1	9	8
3	96	0	1
1	83	16	1
0	0	99	0
1	1	1	98
1	23	0	76
68	2	18	11
31	19	11	39
33	23	8	35
29	30	8	33
24	21	22	33
