>homer-M00956
32	36	13	19
27	15	14	44
31	13	21	35
51	15	23	11
32	18	28	23
6	82	11	1
0	87	0	13
96	0	0	4
3	96	0	0
0	0	0	99
0	5	0	95
93	1	1	6
75	5	10	11
21	34	35	10
24	24	28	24
49	17	21	12
18	25	25	32
