>homer-M01157
34	29	24	13
17	43	27	13
36	29	26	9
69	6	16	9
13	8	72	7
1	95	0	4
87	0	12	1
88	11	0	1
0	0	0	99
2	6	0	93
95	0	1	3
88	1	4	6
25	15	17	43
14	22	50	13
38	29	28	4
33	13	24	31
18	20	22	40
