>homer-M01149
27	22	19	32
30	12	31	27
14	37	29	19
25	37	21	17
59	12	18	11
18	71	5	5
1	28	0	71
97	2	0	0
99	0	1	0
0	1	0	99
0	0	2	97
71	0	28	1
5	5	71	18
14	16	20	51
10	17	52	22
9	27	29	36
47	8	6	39
