>homer-M01084
25	23	24	28
35	22	16	27
25	13	22	41
1	74	9	17
57	6	19	18
15	2	16	66
54	28	13	5
76	10	4	11
17	10	9	64
10	23	7	61
35	17	18	30
60	20	11	8
14	30	45	10
25	24	26	25
29	21	25	25
