>homer-M01095
25	43	15	18
8	38	24	30
13	10	44	33
13	11	11	65
64	11	8	17
15	8	7	70
10	5	15	69
69	8	15	8
18	25	27	29
63	11	8	18
60	16	11	14
56	22	6	17
24	37	11	28
35	25	16	24
32	22	21	24
