>homer-M00026
48	11	23	18
26	54	9	12
11	26	0	64
4	53	6	38
23	16	24	38
33	29	20	19
68	8	16	8
4	15	31	50
1	1	1	98
1	61	0	38
20	17	44	19
32	0	6	62
0	0	100	0
21	27	26	26
3	5	2	90
56	3	37	4
1	96	0	3
3	8	0	89
3	7	3	87
25	43	6	26
