>homer-M01024
16	15	49	20
12	31	22	34
11	13	15	60
22	49	10	19
40	29	10	21
63	7	7	22
67	10	7	17
63	10	4	24
72	9	2	16
73	5	2	20
67	12	4	17
69	5	4	22
51	16	10	24
41	30	15	15
19	28	10	43
27	15	26	31
22	46	6	26
