>homer-M00915
35	11	40	14
30	18	32	20
42	22	11	24
39	13	16	32
20	24	30	25
35	19	28	19
23	14	41	22
4	1	23	72
6	94	0	0
97	0	2	1
0	96	1	3
3	1	96	0
1	2	0	97
0	0	94	6
72	23	1	4
2	47	32	20
17	36	21	26
41	26	13	20
35	21	26	18
21	28	20	31
43	11	18	27
21	36	17	25
