>homer-M01229
28	21	16	36
50	12	19	19
63	5	13	19
25	17	40	17
9	76	13	2
1	82	0	17
85	1	0	13
2	97	0	0
0	0	0	99
1	22	0	77
28	18	53	2
89	0	3	9
43	38	15	4
51	16	4	28
23	19	5	54
14	25	5	56
