>homer-M01232
25	8	16	51
15	20	12	53
23	15	7	54
32	10	24	34
67	0	31	2
87	1	9	3
1	3	96	1
0	22	0	77
77	0	22	0
1	96	3	1
3	9	1	87
2	31	0	67
41	17	25	16
79	2	5	13
59	12	10	18
24	12	21	43
15	36	13	37
