>homer-M01017
20	23	18	40
30	27	34	8
49	15	6	31
22	27	21	30
16	26	26	31
7	4	81	7
6	3	9	81
5	10	5	80
82	5	9	4
75	18	3	5
16	69	4	11
64	14	16	6
14	27	42	17
28	23	16	33
17	23	29	31
30	13	39	19
28	21	37	14
