>homer-M00093
16	34	29	21
20	36	28	16
10	24	23	43
9	20	18	54
14	69	13	4
11	27	10	52
47	2	51	0
0	1	98	0
88	9	1	2
89	1	8	2
14	28	34	24
21	35	30	14
2	11	1	87
2	1	7	90
0	99	0	1
1	49	2	49
51	11	28	10
4	14	69	13
55	18	17	11
42	24	24	10
