>homer-M01075
26	12	41	22
25	14	15	47
34	15	31	20
24	26	11	38
12	24	12	52
5	4	78	13
8	5	79	9
22	4	66	8
25	16	2	58
5	8	79	8
7	4	77	12
12	3	71	13
29	18	18	34
52	13	12	24
35	19	11	35
31	20	15	34
19	13	24	44
