>homer-M01090
16	28	44	11
15	20	21	44
27	8	19	46
33	18	20	29
51	10	24	15
67	8	15	10
74	11	10	5
66	14	13	7
77	9	7	7
76	9	4	11
75	14	5	7
66	18	3	13
55	28	4	13
39	31	21	8
20	24	24	32
28	21	19	32
29	28	14	29
