>homer-M00979
43	23	12	22
20	24	30	26
30	16	29	25
43	15	20	22
26	8	48	19
84	5	10	1
98	0	0	1
0	98	1	1
99	0	0	1
99	0	0	0
77	0	0	22
24	0	76	0
37	9	53	1
48	20	24	8
19	36	22	24
25	23	16	36
40	18	16	25
