>homer-M01191
41	29	22	8
40	10	33	17
5	19	34	42
24	23	32	21
3	55	1	41
71	23	2	4
83	1	2	13
1	3	1	96
81	0	0	18
95	0	0	4
93	1	1	6
85	6	7	3
19	24	5	51
27	8	24	41
34	13	19	35
41	12	19	28
28	24	16	32
