>homer-M00209
39	17	22	22
39	10	45	7
61	0	39	0
6	0	92	2
2	0	74	24
1	5	15	80
1	80	12	7
94	1	2	3
22	29	26	23
28	18	16	38
21	8	68	3
59	0	41	0
0	0	99	0
0	0	36	64
9	7	19	66
2	78	4	16
76	7	8	9
22	21	23	34
29	18	30	23
24	19	32	25
