>homer-M00202
27	30	26	17
42	16	29	13
58	5	28	9
47	5	30	18
0	97	3	0
10	60	0	31
42	0	49	9
0	2	98	0
19	32	2	47
8	28	5	58
18	36	15	31
36	18	31	15
63	5	25	7
49	2	30	19
0	98	2	0
7	62	0	31
41	0	48	11
0	2	98	0
19	32	4	44
11	30	5	54
