>homer-M01079
23	14	45	18
16	20	36	28
37	17	29	17
11	39	31	19
4	26	15	55
36	4	45	15
64	18	7	10
85	2	7	6
6	7	2	85
10	7	18	64
15	45	4	36
55	15	26	4
26	17	20	38
29	12	34	26
28	34	13	25
29	31	22	18
