>homer-M01243
17	50	20	13
13	18	54	16
23	28	25	23
31	23	36	10
2	58	3	38
2	33	0	65
92	1	7	1
96	0	1	3
3	1	0	96
1	7	1	92
65	0	33	2
38	3	58	2
14	16	39	30
30	19	16	35
44	16	16	24
23	29	17	31
15	41	25	19
