>homer-M01060
36	25	30	9
33	37	11	19
26	13	25	36
14	37	25	24
27	36	28	8
47	2	40	11
65	3	26	6
4	1	90	5
1	5	4	90
90	4	5	1
5	90	1	4
6	26	3	65
11	40	2	47
15	19	34	33
23	21	41	15
46	26	15	12
43	21	17	19
