>homer-M00909
18	27	38	17
21	22	35	22
18	21	34	26
22	20	19	39
9	11	8	72
4	10	5	82
70	1	18	11
89	0	0	11
11	0	0	89
11	18	1	70
82	5	10	4
72	8	11	9
60	5	9	27
47	28	6	19
23	23	19	35
27	23	13	37
24	30	20	26
