>homer-M01190
39	5	11	46
46	16	28	10
41	23	13	24
40	15	40	5
4	45	21	30
1	14	0	85
92	7	1	0
99	0	0	1
1	0	0	99
0	1	7	92
85	0	14	1
30	21	45	4
4	58	10	28
7	8	19	66
22	22	32	24
23	17	27	32
32	20	18	30
