>homer-M01089
25	17	35	23
42	13	16	29
24	25	25	26
35	21	18	26
69	5	17	9
11	55	11	23
77	1	11	11
4	2	2	92
3	93	2	3
2	92	3	3
3	9	4	85
77	4	1	18
3	19	51	27
29	15	6	51
45	16	18	22
30	16	40	14
