>homer-M00933
14	31	13	42
38	15	13	35
33	17	16	34
24	27	26	23
1	7	77	14
83	11	6	1
1	97	1	1
1	98	1	1
2	96	0	2
1	97	0	1
9	81	0	11
10	76	1	13
49	18	17	16
16	33	19	32
48	9	27	15
27	9	36	28
