>homer-M01227
30	26	14	30
27	14	15	44
48	21	23	7
43	7	33	16
12	70	17	0
0	88	0	12
92	1	0	7
2	97	0	0
1	0	0	99
0	20	0	80
13	10	75	1
93	0	1	6
50	11	36	3
67	7	11	15
36	10	23	32
13	19	20	48
29	16	23	32
