>homer-M01069
13	10	36	40
22	52	19	8
31	16	38	14
20	51	14	16
40	6	49	5
47	6	1	46
77	6	1	16
15	4	76	6
5	6	53	36
7	10	19	64
10	32	14	44
40	7	47	5
21	24	21	34
35	16	21	29
28	36	16	20
22	18	29	31
