>homer-M01014
17	30	27	25
30	17	30	23
14	27	9	50
28	19	25	27
28	36	18	17
67	6	6	21
83	7	5	4
4	5	10	81
78	12	6	4
9	74	15	2
12	18	69	1
53	6	26	14
41	10	29	21
43	14	19	24
15	28	25	32
35	20	28	17
44	21	21	13
