>homer-M01035
10	8	66	17
10	47	27	16
15	23	41	21
28	22	32	18
11	72	8	9
6	4	82	8
68	23	6	3
3	1	7	90
90	7	1	3
3	6	23	68
8	82	4	6
9	8	72	11
8	51	27	14
44	30	20	6
9	18	58	14
14	49	7	29
25	17	29	29
