>homer-M01106
20	18	26	35
13	8	53	26
12	9	8	71
68	4	18	9
14	7	6	73
68	7	13	11
20	30	8	42
36	14	19	31
11	13	7	68
73	6	7	14
9	18	4	68
71	8	9	12
36	37	16	12
20	36	25	20
