>homer-M00119
11	47	20	21
7	43	4	47
6	0	16	78
0	0	100	0
2	0	96	1
16	78	4	1
51	19	3	28
18	36	26	21
26	22	21	30
18	27	35	20
26	3	19	51
1	5	78	16
2	96	1	2
1	99	0	0
78	16	0	6
44	6	42	7
