>homer-M00140
28	11	42	20
48	5	33	14
2	83	7	9
66	12	6	17
22	3	10	65
0	0	99	1
8	41	2	50
15	54	8	24
17	36	13	34
35	14	34	18
24	8	53	16
50	2	41	8
1	99	0	0
65	10	3	22
17	5	11	67
8	5	85	2
13	34	6	48
21	42	11	27
19	35	14	33
25	27	24	24
