>homer-M00965
24	22	24	31
14	28	34	23
26	26	19	29
12	41	22	25
22	8	37	34
0	5	0	95
3	1	96	0
99	1	0	0
11	89	0	0
1	99	0	0
0	77	0	23
1	85	3	11
33	4	27	37
21	26	15	38
39	18	30	14
40	27	10	23
20	23	21	35
