>homer-M00071
30	20	29	21
29	19	28	24
26	21	30	24
31	22	26	22
29	17	27	27
17	34	31	19
59	0	0	41
0	0	100	0
100	0	0	0
0	0	0	100
42	17	24	17
39	0	21	40
17	26	18	39
100	0	0	0
0	0	0	100
0	100	0	0
41	0	0	59
20	30	33	17
30	29	13	28
25	25	21	29
