>homer-M00066
19	43	19	18
32	9	37	22
5	25	45	25
4	84	12	0
5	0	0	95
0	0	99	1
3	36	35	26
22	20	33	25
14	25	40	21
20	27	31	22
18	29	35	19
21	34	27	19
31	19	30	20
12	43	37	8
68	2	1	30
0	0	100	0
100	0	0	0
0	4	0	96
98	0	0	2
68	4	23	6
