>homer-M01045
24	15	41	20
20	14	44	23
60	9	12	19
21	6	65	8
75	3	5	18
77	5	4	14
48	9	18	26
6	11	75	7
6	7	82	5
27	9	22	42
6	38	42	13
5	60	17	19
27	15	38	20
38	20	22	20
