>homer-M00938
22	28	25	24
20	19	27	34
15	32	21	32
27	30	24	18
44	33	2	21
13	3	83	1
14	0	85	0
0	0	99	1
0	0	88	11
0	0	2	98
0	98	0	2
88	9	3	0
74	11	8	8
16	32	18	34
23	18	16	44
23	19	33	25
32	31	20	17
