>homer-M00139
27	24	22	27
39	6	38	17
30	4	54	13
62	1	31	6
0	97	1	2
86	2	2	9
21	2	4	73
0	0	100	0
3	38	0	59
10	70	2	19
15	41	6	38
39	5	41	15
18	2	70	9
59	0	38	3
0	100	0	0
73	4	1	22
10	2	2	86
2	1	97	0
7	33	1	59
16	53	4	28
