>homer-M01147
47	6	3	45
30	25	33	11
36	22	21	22
47	15	26	13
5	66	18	11
1	3	0	96
85	14	0	0
99	1	0	0
0	0	1	99
0	0	14	85
96	0	3	1
11	18	66	5
3	44	6	48
17	20	46	18
20	25	38	17
36	16	17	30
24	36	24	16
