>homer-M01143
48	8	5	38
26	34	33	7
28	37	24	11
38	20	33	10
3	68	6	23
2	4	0	95
88	11	0	0
98	1	0	1
1	0	1	98
0	0	11	88
95	0	4	2
23	6	68	3
2	39	5	54
12	15	48	25
14	25	50	11
27	26	21	26
18	32	23	28
