>homer-M00154
31	34	19	17
52	0	27	20
14	1	80	5
40	19	25	17
79	5	9	8
5	73	13	10
57	5	15	23
16	18	34	32
29	21	19	32
20	48	15	17
25	4	0	72
2	11	84	3
9	8	7	76
18	25	21	36
11	62	3	24
