>homer-M01029
32	25	22	22
35	16	23	26
17	30	26	26
53	10	26	11
21	39	20	21
3	85	1	10
67	28	4	1
50	24	1	25
91	4	2	3
95	1	1	2
1	86	1	12
96	1	1	2
41	13	14	32
47	13	7	34
21	10	41	27
18	31	35	16
29	22	24	25
