>homer-M01056
49	18	15	18
37	20	21	22
51	16	11	22
12	11	15	61
59	13	7	22
40	15	14	31
19	15	47	20
68	14	8	10
72	8	5	15
65	10	8	16
42	19	14	25
58	18	12	11
35	18	22	25
31	34	28	6
