>homer-M01049
11	18	48	23
22	35	32	11
53	14	16	17
60	6	15	20
79	5	7	9
78	3	11	8
12	59	23	7
64	7	11	19
11	26	31	33
21	7	30	42
64	9	9	18
19	54	13	15
19	24	18	39
39	11	28	22
