>homer-M00323
9	26	39	26
13	26	13	48
48	8	44	0
42	27	12	19
15	33	22	30
100	0	0	0
3	88	3	6
88	0	0	12
100	0	0	0
18	0	3	79
3	6	85	6
0	3	0	97
45	10	19	26
27	10	27	37
0	52	22	26
27	19	23	31
19	27	23	31
