>homer-M01108
17	17	44	22
35	18	25	22
31	4	62	4
32	56	2	9
2	92	2	4
1	96	1	2
6	11	1	82
13	20	19	48
9	5	84	3
2	2	1	95
1	67	0	31
2	85	2	12
34	41	10	15
15	36	7	42
29	24	18	29
27	25	27	21
