>homer-M00911
17	33	19	32
15	19	24	42
9	48	12	30
47	20	23	10
29	18	45	8
1	97	1	1
95	1	1	3
1	18	76	5
5	82	12	1
2	1	1	96
1	1	98	1
4	72	9	15
12	24	17	47
32	32	29	7
20	37	16	27
22	21	19	38
15	14	39	33
