>homer-M01068
12	37	28	23
15	18	32	35
43	21	27	9
7	67	17	10
21	15	23	40
4	19	3	73
36	4	59	1
2	2	95	2
70	1	1	28
2	2	37	59
95	1	2	2
2	95	1	3
11	33	51	4
22	25	40	14
31	18	25	27
48	13	13	26
32	23	11	34
