>homer-M01195
19	37	5	39
19	8	8	65
14	10	60	16
37	10	33	21
24	9	44	24
14	24	29	33
1	14	0	84
87	12	0	0
98	1	0	1
1	0	1	98
0	0	12	87
84	0	14	1
37	37	14	11
24	44	9	24
12	37	31	21
9	22	21	48
