>homer-M00147
25	28	20	28
14	17	1	68
93	1	6	0
99	0	0	1
1	0	0	99
0	10	8	82
41	2	31	27
16	19	44	21
22	44	20	15
24	30	2	44
87	5	8	0
97	0	0	2
0	0	0	100
0	5	0	95
67	0	20	12
27	21	26	26
32	29	19	20
35	19	18	29
37	17	15	31
33	17	20	30
