>homer-M00960
12	24	30	34
24	28	19	29
20	15	47	18
19	11	51	18
5	4	84	7
13	0	85	2
0	1	96	3
0	65	34	0
0	34	65	0
3	96	1	0
2	85	0	13
7	84	4	5
19	54	6	20
21	23	26	30
38	19	26	17
23	26	30	21
