>homer-M00186
16	36	31	17
32	22	29	17
6	42	17	35
0	2	0	98
0	0	16	84
16	81	1	2
0	81	0	19
30	21	21	29
21	0	79	0
2	0	82	16
84	16	0	0
98	0	2	1
33	18	42	7
16	32	22	30
