>homer-M00989
31	25	23	21
21	39	16	24
9	23	19	50
24	30	13	32
45	15	31	9
14	9	67	9
7	7	1	85
3	0	0	97
97	1	0	2
97	0	1	1
2	90	4	4
5	29	4	61
59	5	20	16
57	12	21	10
34	13	30	23
32	25	21	22
32	18	30	20
