>homer-M01250
21	28	15	36
6	49	15	29
59	3	14	23
12	40	9	39
37	39	11	13
11	73	9	7
86	2	7	5
3	1	1	95
3	95	1	1
93	3	2	2
74	6	3	17
31	5	6	58
32	32	15	21
39	14	9	38
36	14	15	36
26	29	24	21
37	35	21	7
