>homer-M00355
25	18	32	25
25	25	29	21
40	20	17	23
17	23	30	30
30	17	20	33
7	0	0	93
0	0	0	100
0	0	0	100
0	100	0	0
7	70	13	10
13	47	37	3
10	13	67	10
0	0	100	0
100	0	0	0
100	0	0	0
100	0	0	0
14	28	17	41
25	21	32	21
19	31	31	19
23	31	8	38
35	12	27	27
