>homer-M00070
78	0	0	22
0	0	100	0
100	0	0	0
0	0	0	100
0	35	42	23
19	11	27	44
24	31	25	21
34	13	26	28
34	20	27	19
31	31	18	20
31	13	29	28
5	50	42	2
68	0	0	32
0	0	100	0
100	0	0	0
0	0	0	100
69	0	8	23
50	2	33	14
17	30	34	19
33	22	21	24
