>homer-M01072
15	13	25	47
32	29	15	25
26	41	11	22
21	22	35	22
17	51	8	24
5	76	9	10
5	79	12	4
0	94	3	2
4	5	89	2
0	91	2	6
3	94	1	2
64	14	11	11
24	39	18	19
21	27	9	43
9	45	21	25
18	27	15	40
10	25	37	28
