>homer-M00530
40	43	11	5
46	28	16	10
21	44	9	26
24	29	24	24
21	18	44	18
62	3	3	32
26	29	32	12
79	12	6	3
100	0	0	0
0	82	0	18
91	9	0	0
88	12	0	0
26	0	0	74
35	0	56	9
12	3	85	0
