>homer-M00325
29	36	14	21
21	21	43	14
73	7	13	7
69	0	13	19
12	41	12	35
12	71	12	6
29	71	0	0
0	0	100	0
0	0	100	0
100	0	0	0
100	0	0	0
29	6	59	6
7	13	7	73
20	13	47	20
33	20	27	20
14	7	43	36
17	25	50	8
