>homer-M00141
26	26	22	25
31	21	30	19
29	11	34	26
42	3	44	11
0	99	0	0
75	13	4	9
33	1	17	49
0	0	99	0
9	38	1	52
16	49	9	27
17	37	15	31
31	22	31	17
31	8	43	18
50	1	41	9
0	100	0	0
53	18	1	28
11	4	13	73
1	0	99	0
11	47	3	40
25	38	8	28
