>homer-M01027
34	23	28	15
35	24	26	16
43	13	19	25
59	9	16	16
59	23	9	10
9	10	10	71
79	6	8	7
74	3	9	14
7	72	6	15
82	8	3	7
60	15	10	15
53	14	19	14
23	29	28	20
20	23	43	13
20	29	31	20
