>homer-M00398
12	13	0	75
19	12	19	49
4	26	32	38
0	55	13	32
10	4	35	51
0	94	6	0
5	0	13	82
3	74	9	14
8	17	12	64
16	74	1	9
12	21	10	57
5	62	12	21
23	3	17	57
