>homer-M01100
25	21	17	37
42	17	22	20
20	54	15	11
24	19	26	32
20	25	28	28
27	13	50	10
74	6	8	13
73	7	9	10
69	8	16	6
67	11	13	9
78	6	5	11
77	11	6	7
40	9	17	34
41	16	23	20
