>homer-M00982
24	20	28	28
24	14	28	34
51	13	14	22
19	9	13	60
15	33	19	33
38	13	4	45
95	1	1	4
1	3	0	96
2	1	1	96
15	4	81	1
11	1	1	87
9	10	6	75
25	43	8	23
25	17	15	43
21	14	30	36
32	15	16	37
48	13	15	24
