>homer-M01074
38	32	21	10
35	32	22	10
32	18	21	28
14	33	21	33
66	6	15	13
5	29	54	12
89	4	4	4
4	69	9	17
88	4	2	6
86	4	7	3
79	5	4	12
9	14	71	6
30	13	49	9
65	13	11	10
35	13	22	30
20	20	10	50
