>homer-M01021
27	27	22	24
20	26	34	20
18	36	10	36
35	5	10	50
11	45	1	43
11	2	85	2
0	13	86	0
3	96	0	0
1	0	97	3
1	91	8	0
3	83	1	13
76	2	9	13
53	27	10	10
33	15	31	21
33	31	23	12
18	23	38	22
18	33	28	20
