>homer-M00977
25	25	14	36
34	20	11	35
21	21	18	40
38	18	16	27
85	2	2	10
12	3	3	82
24	2	2	73
82	2	12	4
4	12	2	82
73	2	2	24
82	3	3	12
10	2	2	85
36	8	12	43
40	7	26	27
39	8	21	31
24	15	33	29
