>homer-M00360
42	29	13	17
13	50	17	20
27	17	34	22
46	8	23	23
37	20	31	11
14	30	40	16
3	69	5	22
28	55	5	11
93	3	3	0
1	2	0	97
7	3	3	86
96	0	0	4
52	13	21	15
22	29	33	16
13	40	20	27
17	49	17	17
12	41	21	26
27	27	17	30
26	44	15	15
