>homer-M01091
22	29	12	37
24	28	21	27
33	13	26	28
26	30	21	22
26	18	29	27
32	18	44	6
57	20	18	5
88	2	3	6
3	86	5	6
92	2	4	2
91	3	3	3
13	4	3	80
41	7	28	24
25	18	39	18
28	23	32	16
18	33	16	34
17	21	45	16
