>homer-M01290
50	24	18	8
19	34	33	13
22	13	53	12
16	15	15	54
1	12	0	87
89	10	0	1
96	1	0	2
2	0	1	96
1	0	10	89
87	0	12	1
35	25	34	6
12	53	13	22
19	37	9	35
23	40	12	26
65	8	13	15
20	10	51	19
