>homer-M01031
56	12	8	23
32	15	18	35
48	12	17	23
20	16	19	45
3	57	2	38
64	17	2	17
57	11	1	31
89	5	1	4
91	3	3	3
1	74	2	22
91	2	3	4
70	7	8	15
45	32	6	18
59	13	14	14
26	33	17	24
36	33	15	16
