>homer-M01273
54	13	15	18
33	28	23	17
17	11	38	33
30	28	23	19
13	56	6	25
3	1	95	1
9	76	15	0
1	0	1	99
4	0	94	2
1	1	0	99
56	0	0	43
78	4	3	15
52	10	1	36
31	11	33	24
24	36	28	12
31	16	43	10
41	13	10	35
