>homer-M01033
18	32	12	39
14	18	21	48
25	24	17	34
24	21	24	31
27	21	36	15
10	32	19	39
50	14	3	33
5	2	90	3
92	3	2	3
3	7	2	87
24	23	23	30
11	22	28	39
15	17	14	55
84	5	6	5
4	7	7	82
5	85	3	7
38	2	40	20
38	22	26	15
9	36	28	27
30	18	18	34
30	25	11	33
35	27	14	24
