>homer-M01132
59	6	27	7
11	54	22	14
16	51	12	21
23	15	52	9
29	19	42	11
13	16	9	62
8	7	1	83
29	1	67	2
96	1	2	1
2	1	1	97
6	61	2	32
80	6	1	14
31	35	11	23
13	48	30	10
35	8	15	41
13	29	31	28
41	10	30	19
