>homer-M01215
14	55	14	17
5	38	35	22
20	48	6	25
66	7	14	12
10	27	4	59
2	15	0	83
96	3	2	0
97	0	2	1
1	2	0	97
0	2	3	96
83	0	15	2
59	4	27	10
18	10	11	61
21	36	16	27
51	26	15	8
16	44	21	19
9	37	18	36
