>homer-M00036
0	0	100	0
24	0	76	0
22	39	0	39
100	0	0	0
1	0	99	0
1	62	14	23
69	17	11	3
18	28	11	43
38	12	24	26
4	12	13	71
25	20	55	1
0	98	0	2
0	0	0	100
38	0	36	25
0	76	0	24
0	100	0	0
18	56	3	23
29	20	23	28
25	22	34	19
25	26	27	22
