>homer-M01040
31	15	20	34
26	15	33	25
18	14	29	39
5	36	18	41
9	72	9	9
10	72	4	13
6	79	3	13
90	2	2	6
4	4	2	89
4	1	1	93
10	3	71	16
6	5	14	76
30	28	32	10
26	26	20	28
56	12	19	12
10	36	31	23
27	23	20	30
