>homer-M01288
11	20	28	42
61	8	5	27
62	7	22	9
21	10	14	55
21	31	6	42
75	6	6	12
79	3	4	14
4	4	2	91
4	4	1	91
92	1	5	2
81	3	3	13
17	6	4	73
63	5	8	24
55	9	22	13
18	39	9	33
29	10	10	51
40	6	14	40
