>homer-M01022
18	23	28	31
12	16	37	35
21	34	19	27
14	28	30	28
12	2	81	5
65	12	18	5
2	1	95	1
2	1	32	66
17	1	81	2
2	1	95	2
4	3	78	15
73	3	9	15
20	43	6	32
26	20	9	45
27	20	32	22
23	25	27	26
