>homer-M00120
20	29	37	14
46	15	25	15
39	16	31	14
19	4	9	68
1	0	99	0
0	0	99	0
92	2	4	1
94	0	5	1
80	5	10	5
52	17	20	11
46	5	9	40
38	21	29	13
6	4	2	88
5	4	79	12
82	2	5	11
11	32	50	7
12	7	7	75
16	63	12	9
72	6	9	13
14	27	23	37
