>homer-M01212
16	31	38	15
40	12	15	33
28	19	34	18
24	56	9	12
31	11	53	6
6	46	2	47
1	12	0	88
83	1	16	0
98	0	1	0
0	1	0	98
0	16	1	83
88	0	12	1
47	2	46	6
11	13	27	50
22	11	41	26
6	28	22	44
52	10	6	31
