>homer-M00015
17	42	25	17
23	28	23	27
29	30	26	15
11	32	27	31
33	11	42	14
6	33	55	6
5	56	5	33
4	1	83	13
2	96	1	0
0	100	0	0
25	67	3	6
0	69	0	31
0	100	0	0
5	4	2	89
25	7	53	15
0	42	55	3
17	15	6	62
0	0	100	0
2	6	87	5
19	43	15	23
