>homer-M01077
11	25	29	35
16	18	19	46
29	20	33	18
62	9	17	13
53	26	6	16
8	10	8	74
5	10	69	16
41	12	16	31
52	31	7	10
71	5	14	10
10	6	16	69
13	15	8	65
17	42	15	25
22	32	38	8
53	17	26	4
