>homer-M01028
43	17	17	23
19	28	20	33
34	19	37	10
8	19	23	50
19	54	19	9
81	3	15	1
4	55	4	37
85	3	7	5
80	14	3	3
10	80	6	4
69	3	12	15
52	14	18	16
17	39	23	21
44	20	23	14
23	45	15	17
