>homer-M01139
15	25	30	30
20	55	12	13
30	23	32	15
22	48	17	12
28	13	29	30
54	7	24	15
1	4	0	95
97	0	1	2
99	0	0	0
1	0	0	99
1	1	1	97
76	0	23	1
20	52	14	14
29	49	6	16
17	26	40	16
50	14	11	25
22	53	12	13
