>homer-M00962
22	23	15	40
26	13	32	29
12	19	17	52
11	28	41	20
34	31	12	22
19	37	16	28
17	58	13	12
1	93	5	2
26	29	13	33
0	1	0	98
85	1	14	0
4	0	96	0
1	92	0	7
94	0	4	1
99	0	0	0
0	99	0	1
21	37	32	10
32	19	37	12
33	18	23	27
30	19	13	38
30	27	10	34
42	19	13	26
39	20	13	28
