>homer-M00006
57	1	14	28
34	3	60	3
2	41	0	57
95	5	0	0
98	2	0	0
100	0	0	0
0	66	0	33
95	0	1	4
50	16	18	16
50	16	18	16
51	17	18	15
61	11	11	17
67	0	27	6
15	0	78	7
48	15	10	27
97	0	1	3
0	99	1	0
89	0	0	11
25	21	22	31
35	9	23	32
