>homer-M00981
36	30	12	22
31	23	17	30
15	18	24	43
38	10	28	25
39	17	13	30
44	7	21	27
36	7	37	19
79	4	9	8
96	0	0	3
0	95	1	3
98	0	0	1
99	0	1	0
6	0	0	93
50	2	24	24
31	9	53	7
42	20	16	23
34	22	19	25
19	30	17	34
24	14	13	49
29	27	12	32
22	30	23	25
49	17	8	26
