>homer-M01174
38	5	5	52
29	13	52	6
55	20	13	12
26	27	32	15
8	57	20	15
1	11	0	88
74	26	0	0
98	0	0	1
1	0	0	98
0	0	26	74
88	0	11	1
15	20	57	8
5	34	12	49
19	15	30	36
32	23	38	6
31	12	40	18
41	14	20	26
