>homer-M01235
37	23	25	14
26	24	39	11
9	21	6	64
56	8	7	29
84	2	2	11
18	1	4	77
0	7	0	93
98	0	1	1
98	0	0	1
2	0	0	98
1	2	26	71
79	0	17	4
9	43	22	26
15	24	28	34
8	34	6	51
12	57	13	18
