>homer-M00935
17	26	35	22
34	31	15	20
11	23	35	31
13	22	29	36
13	7	40	40
5	4	33	59
71	1	28	0
0	99	0	1
1	0	99	0
0	28	1	71
59	33	4	5
40	40	7	13
21	23	37	19
44	15	18	24
18	26	23	33
27	21	31	20
24	25	27	24
