>jaspar-PB0011.1
33	30	23	14
20	22	32	26
25	22	27	26
63	4	4	29
16	38	22	23
13	59	27	1
21	76	3	0
1	0	98	0
0	0	99	1
98	0	0	1
88	0	0	11
25	5	69	1
12	15	5	67
38	11	23	28
40	19	22	19
