>jaspar-PB0064.1
19	14	36	30
27	31	12	30
22	22	19	38
58	10	9	23
90	3	1	5
9	2	3	86
19	2	2	77
79	1	18	2
2	18	1	79
77	2	2	19
86	3	2	9
5	1	3	90
37	10	13	40
44	11	15	29
26	8	32	34
27	29	21	23
