>jaspar-PB0021.1
15	26	26	33
22	11	28	39
30	14	13	43
27	11	27	35
27	9	22	42
62	9	17	12
20	11	41	29
80	5	0	15
0	0	99	0
99	0	0	0
1	0	0	99
95	1	0	4
97	0	0	2
4	11	83	2
74	13	11	2
42	11	32	16
38	17	16	30
14	20	21	45
32	12	25	31
46	21	16	17
38	19	31	12
22	16	38	24
