>jaspar-PB0111.1
12	34	12	41
22	17	42	19
13	26	10	51
14	41	29	17
30	16	30	25
22	29	15	34
5	3	12	80
52	29	17	2
5	94	0	0
90	1	7	2
0	97	1	2
2	1	97	0
2	7	1	90
0	0	94	5
0	9	69	22
80	12	3	5
33	16	28	24
28	13	45	14
13	25	42	19
40	43	5	12
28	12	42	19
16	9	65	10
20	17	11	52
