>jaspar-PH0063.1
40	23	9	29
17	43	30	10
18	36	20	27
23	17	34	26
11	3	82	4
1	62	0	36
78	16	2	4
97	1	1	1
2	0	0	98
19	1	0	80
96	0	1	3
79	4	2	15
10	24	7	59
60	14	13	13
40	13	32	14
45	10	12	32
