>jaspar-PB0103.1
13	37	25	24
31	45	9	15
13	72	3	12
13	75	5	7
12	81	4	4
5	82	8	6
5	79	14	2
6	9	67	19
6	8	82	5
4	4	81	12
7	5	75	13
12	3	72	13
10	7	64	19
7	20	58	15
15	24	23	39
