>jaspar-PH0054.1
19	45	25	11
22	21	48	9
37	36	13	15
26	20	30	24
15	10	24	50
7	11	0	82
90	4	1	5
94	0	1	4
4	1	0	94
5	1	4	90
82	0	11	7
50	24	10	15
14	19	13	54
34	16	22	27
36	19	21	24
21	24	31	25
19	55	12	14
