>jaspar-PH0022.1
16	22	30	32
32	43	12	14
27	20	37	15
27	42	25	7
29	12	30	30
61	4	23	13
0	3	0	96
98	0	0	1
99	0	0	0
0	0	0	99
1	0	1	98
75	0	25	1
7	57	12	23
35	49	5	11
18	30	37	15
37	20	13	30
28	38	13	20
