>jaspar-PB0186.1
34	18	28	20
19	24	39	18
13	37	36	14
11	48	35	6
19	21	39	21
50	11	19	20
53	13	21	13
43	18	10	28
54	14	11	21
40	18	12	31
53	20	15	12
49	17	15	20
53	17	18	12
35	17	14	34
26	22	19	33
