>jaspar-PH0019.1
14	27	27	33
24	9	32	35
22	24	20	33
44	29	4	22
70	7	8	15
18	12	10	61
6	12	0	82
93	1	2	4
95	1	2	2
3	0	1	96
3	2	29	67
73	1	15	11
44	11	20	24
4	9	28	59
27	16	14	43
28	35	17	20
