>jaspar-PB0158.1
31	28	26	15
13	60	13	14
10	16	18	56
13	28	33	26
32	23	18	28
11	38	28	23
23	29	29	19
4	84	7	5
22	19	9	50
4	3	3	90
30	3	65	1
1	2	94	2
49	0	1	50
4	2	24	70
95	1	2	2
2	94	1	2
29	39	23	9
34	20	31	15
20	47	18	15
32	27	31	10
41	20	23	16
30	18	25	27
15	31	36	18
