>jaspar-PH0097.1
31	7	6	56
31	50	10	8
24	32	21	24
33	24	32	11
4	72	3	21
1	15	0	84
81	1	18	0
99	0	1	0
0	1	0	99
0	18	1	81
84	0	15	1
21	3	72	4
7	67	10	15
16	12	52	20
22	18	39	21
29	12	22	37
15	22	30	33
