>jaspar-PB0204.1
40	7	32	21
46	6	27	22
39	3	33	24
12	9	19	60
27	12	7	53
7	81	2	10
3	91	2	4
2	93	2	3
2	95	2	2
2	88	6	4
7	74	11	8
11	14	65	10
7	25	51	18
40	8	35	18
53	9	28	10
29	25	35	12
15	26	15	45
