>jaspar-PH0061.1
29	14	6	52
55	10	8	28
18	4	18	60
18	10	35	38
17	30	33	20
7	11	67	14
2	20	2	76
83	12	2	3
95	1	1	2
2	1	1	95
3	2	12	83
76	2	20	2
11	74	6	9
20	33	30	17
26	13	29	32
18	25	24	33
