>jaspar-PB0080.1
22	27	22	29
12	40	12	35
29	23	12	35
38	10	11	41
27	4	2	67
65	1	1	34
8	1	0	91
77	0	0	23
23	0	0	77
91	0	1	8
34	1	1	65
67	2	4	27
47	11	10	32
37	29	10	24
20	13	22	45
35	22	23	20
