>jaspar-PH0098.1
38	20	14	28
27	44	16	13
33	36	17	14
29	39	25	7
6	85	5	4
1	17	0	82
86	1	13	0
98	0	1	0
0	1	0	98
0	13	1	86
82	0	17	1
4	5	85	6
2	73	9	16
14	12	49	25
15	12	50	23
8	19	20	54
18	14	51	17
