>jaspar-PB0203.1
24	16	30	31
52	13	18	17
19	37	22	21
15	20	42	24
45	10	15	30
3	2	88	7
92	2	4	2
1	94	4	1
1	1	1	97
1	96	1	1
15	76	5	4
5	27	5	63
16	39	11	34
28	18	19	35
29	27	24	20
43	26	15	16
21	38	27	14
