>jaspar-PH0009.1
30	36	28	6
42	27	25	7
28	7	50	16
21	13	45	22
1	45	0	54
92	5	2	0
98	1	0	0
0	0	1	98
0	2	5	92
54	0	45	1
20	32	28	20
16	50	7	28
14	19	18	49
21	37	31	11
75	5	13	7
29	12	32	27
