>jaspar-PB0154.1
45	9	31	15
18	35	15	32
40	22	15	23
21	25	16	38
14	8	74	4
3	91	2	4
3	8	3	86
79	5	5	11
7	88	2	2
3	55	1	42
32	10	3	55
46	11	43	1
43	31	9	16
26	18	20	36
28	26	21	25
27	29	23	20
