>jaspar-PB0195.1
11	52	16	21
47	17	12	24
47	16	23	15
20	17	8	55
20	67	3	10
79	5	11	5
6	87	5	3
8	3	3	87
3	7	83	7
8	12	59	22
11	47	17	25
69	3	17	10
30	16	36	18
34	21	18	26
36	15	18	30
25	14	22	39
