>jaspar-PH0018.1
19	23	16	42
61	7	5	27
46	6	31	18
23	13	10	55
24	23	7	46
62	14	8	16
74	3	5	18
11	10	7	72
13	11	4	72
73	3	9	15
54	10	5	31
20	15	10	56
59	7	17	17
50	16	22	12
28	11	14	47
30	19	19	33
40	14	29	17
