>jaspar-PB0112.1
27	28	18	27
23	29	29	19
18	29	19	34
32	6	13	49
11	48	1	41
15	1	80	3
0	19	79	1
5	94	1	0
1	0	95	4
1	87	12	0
5	78	1	17
78	1	11	9
61	17	10	12
36	21	22	21
29	26	28	17
16	17	37	29
16	28	33	23
