>jaspar-PH0012.1
29	15	18	38
39	10	31	20
40	25	24	11
14	6	73	7
13	3	83	1
1	28	0	71
49	47	0	4
82	0	17	0
1	0	0	99
74	1	0	25
92	0	0	8
94	1	0	5
64	11	5	19
16	23	17	43
14	11	26	49
36	21	10	33
