>jaspar-PB0173.1
29	29	26	16
31	26	31	12
9	33	16	43
16	42	24	18
46	15	3	36
88	2	4	7
1	5	2	92
3	2	2	93
2	10	85	2
8	2	2	88
4	19	14	64
3	62	20	16
24	35	23	18
22	22	29	27
26	31	16	27
23	20	25	31
35	20	28	17
