>jaspar-PB0046.1
22	24	20	34
24	9	23	43
24	16	37	24
37	19	22	22
39	21	10	30
78	1	16	5
84	1	8	7
3	97	0	1
1	83	15	1
0	0	99	0
0	1	1	98
1	17	0	82
71	1	20	8
32	24	14	30
25	24	9	42
29	31	7	33
26	21	22	31
