>jaspar-PH0175.1
16	24	31	30
32	16	19	33
26	26	27	21
17	43	21	18
53	13	26	8
6	56	12	25
1	11	0	88
88	11	0	0
98	0	0	1
1	0	0	99
0	0	2	98
93	0	3	3
50	19	25	6
8	23	41	28
34	21	31	13
17	58	17	9
