>jaspar-PB0197.1
27	21	27	25
6	39	14	41
13	9	58	19
22	22	37	19
5	18	26	50
3	10	8	79
16	76	7	2
91	4	3	2
79	14	4	3
2	12	11	75
75	4	18	3
70	10	10	11
13	27	23	36
14	13	16	56
5	31	18	45
14	14	26	46
26	16	38	19
