>jaspar-PB0175.1
22	25	41	13
27	24	30	20
47	16	12	25
41	11	24	24
43	10	29	18
79	1	17	4
93	1	4	2
1	2	1	95
2	1	1	96
12	3	84	1
10	1	1	88
13	24	9	54
34	20	24	21
23	27	29	21
29	10	42	19
31	18	28	23
45	16	21	19
