>jaspar-PB0067.1
17	24	19	40
37	13	12	39
15	33	21	30
41	29	2	28
93	1	1	6
2	1	1	96
2	0	1	97
11	3	84	2
5	1	2	92
11	8	5	76
21	28	25	26
23	14	8	55
37	28	17	18
48	10	18	25
38	28	14	21
35	24	15	26
