>jaspar-PB0179.1
12	30	18	40
14	36	31	19
12	68	7	13
5	3	90	2
17	10	7	65
3	94	2	1
3	3	91	3
22	36	20	22
12	22	27	39
16	12	19	53
66	6	4	24
61	11	11	18
42	14	9	35
33	21	22	24
16	26	32	26
