>jaspar-PB0083.1
17	20	22	41
34	23	14	29
30	17	14	38
60	5	13	21
4	38	53	5
73	1	1	26
7	1	0	92
5	82	10	4
96	1	1	3
96	0	2	2
94	1	2	4
16	6	76	2
23	15	52	9
56	12	25	6
49	21	12	17
31	25	13	31
33	25	12	30
