>jaspar-PH0156.1
41	6	9	44
16	28	51	5
15	53	16	16
47	18	21	15
2	53	3	42
1	25	0	74
98	1	1	0
98	0	1	0
0	1	0	98
0	1	1	98
74	0	25	1
42	3	53	2
6	55	6	33
7	29	41	23
17	43	35	4
36	34	23	7
21	32	16	30
