>jaspar-PB0124.1
23	55	14	8
10	53	10	27
25	20	30	25
14	20	23	43
16	44	8	31
31	13	7	49
9	15	8	68
8	63	7	21
10	64	10	16
7	45	36	12
29	47	6	18
20	42	13	24
11	32	19	38
20	32	31	17
35	29	23	13
25	29	19	26
