>jaspar-PB0162.1
26	40	12	22
41	21	18	21
66	5	15	14
48	6	3	43
22	9	2	67
21	11	12	56
31	36	16	17
31	32	29	7
22	6	66	5
12	8	73	7
73	4	10	14
73	11	4	13
22	54	12	12
22	48	12	19
