>jaspar-PH0120.1
21	17	43	19
38	23	22	16
31	21	17	31
46	10	10	34
68	3	2	28
18	2	3	78
1	7	0	92
99	0	1	1
98	0	1	1
2	0	0	97
1	2	25	72
84	0	12	3
30	35	23	12
9	19	16	56
14	22	31	33
19	26	23	31
8	22	45	25
