>jaspar-PB0177.1
7	13	65	15
16	11	15	58
21	27	36	17
9	46	27	17
29	10	15	46
64	18	7	11
75	4	9	12
8	6	4	81
14	4	2	79
25	9	62	4
30	4	3	64
19	31	34	16
18	19	10	53
15	17	56	13
27	24	21	28
22	11	57	10
18	18	30	34
33	20	27	20
23	36	18	23
6	7	46	41
20	32	30	17
18	29	20	33
