>jaspar-PH0109.1
35	7	12	46
17	25	55	4
26	48	13	13
35	20	40	4
5	63	13	19
1	42	0	58
88	11	0	0
95	0	0	4
4	0	0	95
0	0	11	88
58	0	42	1
19	13	63	5
1	46	6	47
11	10	68	11
10	31	49	9
16	16	49	19
36	20	26	18
