>jaspar-PB0068.1
34	23	9	34
38	16	18	29
21	18	23	38
14	46	11	29
67	10	3	20
90	3	2	6
6	3	2	89
13	2	3	82
6	67	24	3
90	3	2	5
59	7	5	29
16	7	5	72
50	12	15	24
36	27	17	21
30	11	28	31
14	16	32	38
