>jaspar-PB0060.1
28	41	11	19
34	14	27	26
40	17	17	26
37	20	21	23
24	18	22	35
3	81	4	13
0	82	4	14
93	6	1	0
1	0	99	0
97	2	0	1
1	98	0	0
67	1	28	4
13	17	33	36
20	29	25	26
42	19	16	22
21	29	29	20
37	29	15	19
