>jaspar-PB0023.1
35	10	16	38
38	24	16	22
30	17	22	31
38	28	19	14
22	15	31	31
55	11	0	34
0	0	99	1
99	0	0	1
0	1	0	99
89	0	0	11
94	1	1	4
3	22	72	3
52	24	20	4
39	12	25	24
21	13	18	48
22	21	17	39
27	22	34	17
