>jaspar-PB0077.1
28	27	33	12
19	29	17	35
49	3	45	4
9	61	13	16
71	1	4	24
2	1	1	96
1	99	1	0
1	99	0	0
0	1	87	12
0	9	86	5
57	7	19	17
18	6	4	72
26	25	16	34
18	30	13	39
15	23	15	47
9	31	19	40
