>jaspar-PH0024.1
11	29	37	22
17	29	37	17
28	17	49	5
18	14	59	9
1	38	0	61
97	2	0	1
98	0	1	1
1	1	0	98
1	0	2	97
61	0	38	1
19	25	37	18
5	49	17	28
7	17	37	39
26	34	23	17
15	22	22	41
19	27	35	19
