>jaspar-MA0265.1
11	41	4	44
0	99	0	1
0	0	99	0
0	0	0	99
41	17	22	20
22	24	26	28
39	16	28	17
34	18	20	28
40	21	24	15
41	0	57	0
12	25	9	55
0	0	81	19
92	8	0	0
0	45	9	46
37	22	18	23
34	18	14	34
