>jaspar-PH0043.1
49	21	21	9
12	49	25	13
48	23	19	10
76	7	11	6
15	10	59	15
2	94	0	4
84	0	16	1
87	12	0	1
1	0	0	99
1	4	0	94
92	0	2	5
87	2	3	7
39	15	12	35
26	18	38	18
47	21	26	6
52	11	18	19
13	10	13	64
