>jaspar-PH0118.1
23	14	47	16
34	31	21	15
35	16	15	34
56	8	11	25
77	2	2	19
18	1	2	78
0	4	0	95
99	0	0	1
98	0	0	1
2	0	0	98
1	1	17	81
88	0	9	3
32	45	10	13
12	30	11	47
14	26	21	39
14	31	25	30
6	24	51	19
