>jaspar-PB0170.1
22	23	40	15
32	23	14	31
17	32	21	30
19	50	15	16
42	22	17	19
7	58	13	22
76	9	3	12
4	11	4	81
15	5	6	74
8	83	6	4
76	6	12	6
13	18	15	54
40	15	36	9
19	35	18	28
48	15	26	12
47	15	17	20
22	19	21	38
