>jaspar-PH0106.1
18	24	27	32
25	19	39	17
29	43	11	17
36	20	11	33
66	6	16	12
14	43	13	31
1	24	0	75
98	2	0	0
99	0	0	0
1	0	0	99
1	0	0	99
82	0	17	1
44	17	21	18
10	11	18	62
26	23	18	33
31	36	13	20
