>jaspar-PH0117.1
23	13	21	43
36	12	16	36
23	35	16	26
29	8	23	41
76	0	22	2
85	1	12	2
1	4	94	1
0	14	1	85
85	1	14	0
1	94	4	1
2	12	1	85
2	22	0	76
69	10	5	16
63	5	22	9
57	14	14	15
30	8	17	44
20	25	30	24
