>jaspar-PB0129.1
37	23	9	32
34	16	21	29
6	7	9	77
71	6	14	9
17	9	9	64
10	9	14	68
71	7	13	9
37	18	13	32
18	15	9	58
71	7	5	17
68	6	9	17
71	17	3	9
22	16	46	16
41	21	22	15
