>jaspar-PB0202.1
16	28	24	31
18	45	7	30
30	26	21	23
14	43	14	29
18	40	16	27
7	75	7	11
6	72	8	15
2	7	65	26
17	75	6	2
5	78	9	9
10	77	7	6
6	75	11	7
34	7	24	34
30	26	17	27
48	22	12	18
23	28	14	34
26	18	17	39
