>jaspar-PB0145.1
25	33	19	23
41	18	24	17
37	19	21	22
8	11	14	67
5	10	12	73
5	6	83	6
7	76	4	13
86	3	8	3
58	6	17	19
76	7	4	13
88	3	4	5
59	4	4	33
39	12	8	41
33	16	28	23
22	19	15	44
