>jaspar-PH0008.1
19	15	15	51
51	17	12	20
63	11	23	2
11	20	39	31
1	27	0	72
96	3	0	1
98	1	0	1
1	0	1	98
1	0	3	96
72	0	27	1
27	23	35	15
2	23	11	63
10	10	38	42
34	10	32	24
18	20	11	52
38	11	33	17
