>jaspar-PB0201.1
46	6	23	24
13	6	48	33
22	2	45	31
54	4	15	27
22	13	38	28
64	7	22	7
2	96	1	0
3	95	0	1
1	98	1	0
1	97	1	1
2	96	1	1
75	8	5	12
47	15	11	28
18	6	16	61
31	17	19	33
32	11	23	34
28	23	32	17
