>jaspar-PH0092.1
31	7	12	50
44	24	21	11
45	24	12	19
66	13	14	6
5	67	1	27
1	18	0	81
93	6	0	0
96	0	4	0
0	4	0	96
0	0	6	93
81	0	18	1
27	1	67	5
11	35	15	39
14	11	39	36
38	28	17	17
27	26	22	25
23	28	26	23
