>jaspar-PH0029.1
38	4	11	46
20	16	58	6
28	45	13	14
39	31	20	10
11	50	3	36
1	25	0	74
98	1	0	1
98	0	0	1
1	0	0	98
1	0	1	98
74	0	25	1
36	3	50	11
5	27	5	63
13	23	46	19
27	24	39	10
43	23	11	23
31	26	13	31
