>jaspar-PB0131.1
17	14	27	42
15	12	58	16
25	19	43	13
12	23	39	25
23	66	2	9
27	15	52	6
69	12	7	12
4	90	4	2
2	4	90	4
12	7	12	69
6	52	15	27
9	2	66	23
12	19	8	61
10	27	11	51
38	29	13	21
43	19	11	27
