>jaspar-PH0021.1
33	29	34	4
27	24	38	11
31	8	31	30
49	9	31	11
1	29	0	69
97	1	1	1
98	0	0	1
1	0	0	98
1	1	1	97
69	0	29	1
8	37	28	27
30	31	8	31
18	32	8	42
25	44	12	19
62	11	15	12
17	19	45	19
