>jaspar-PB0184.1
23	53	19	5
4	60	23	13
9	37	44	9
45	7	14	35
12	18	11	59
37	3	3	57
37	4	4	55
61	17	9	12
53	17	7	23
4	25	63	7
17	43	28	12
13	13	48	26
30	24	23	24
19	27	27	27
21	53	6	20
