>jaspar-PH0007.1
50	26	9	14
49	24	12	16
53	6	39	3
18	30	44	8
1	46	0	53
93	5	2	0
98	1	0	0
0	0	1	98
0	2	5	93
53	0	46	1
6	39	40	15
3	39	6	53
25	21	30	25
38	23	16	23
56	8	15	21
31	14	8	46
