>jaspar-PB0107.1
11	35	29	25
19	25	12	44
34	30	20	16
31	12	16	41
14	60	12	13
8	72	14	7
15	69	7	10
14	65	13	9
34	9	37	20
3	63	7	26
12	62	10	16
11	63	9	17
20	25	22	33
42	12	28	18
11	22	25	43
19	30	15	36
