>jaspar-PB0151.1
35	26	27	12
22	27	33	17
27	28	25	21
49	14	29	8
58	27	8	7
7	75	6	12
69	11	14	7
16	7	64	13
34	39	21	6
8	79	11	2
17	20	46	17
11	66	17	6
39	11	34	15
21	58	14	7
17	56	7	20
