>jaspar-PB0138.1
29	25	29	18
19	28	35	18
18	30	20	32
56	11	10	23
15	31	5	48
3	2	3	91
4	89	3	4
5	17	7	72
3	91	2	3
19	3	75	2
21	10	62	7
31	4	17	48
21	32	8	40
24	20	29	27
17	40	26	17
