>jaspar-PB0022.1
33	19	11	37
40	14	17	29
39	15	18	28
41	13	26	20
6	63	12	19
18	8	0	74
0	0	99	0
99	0	0	0
1	0	0	99
96	1	0	3
97	1	1	2
5	15	78	3
49	13	34	5
42	18	27	13
23	20	33	25
48	14	16	22
23	22	23	32
