>selexconsensus-Dip3
4	64	8	24
4	73	4	19
46	12	12	31
19	42	31	8
35	19	27	19
8	58	4	31
12	65	4	19
35	12	15	38
19	8	27	46
27	19	31	23
8	65	4	23
5	67	19	10
