>selexconsensus-mirr
36	14	36	13
49	12	8	31
51	0	0	49
56	5	12	27
64	8	14	14
1	81	18	0
58	5	4	32
4	39	25	32
25	0	56	19
10	22	9	58
13	30	57	0
14	8	17	61
31	17	18	34
43	34	13	10
51	14	12	23
