>selexconsensus-eyg
15	15	42	28
42	29	26	3
33	7	45	15
8	11	21	60
45	5	43	7
23	30	18	29
0	12	5	83
0	87	3	10
100	0	0	0
2	98	0	0
0	0	0	100
1	26	73	0
73	3	24	0
20	18	42	20
14	15	16	55
38	27	30	5
21	37	15	27
23	4	43	30
16	37	18	29
