>transfac_public-M00058
33	16	27	24
29	12	31	27
19	7	52	22
5	0	78	16
5	2	91	2
21	29	30	20
25	72	4	0
5	14	64	17
0	100	0	0
100	0	0	0
3	5	91	0
2	88	9	2
0	0	0	100
0	0	100	0
7	67	12	14
5	3	67	25
11	30	23	36
5	80	5	9
16	68	5	11
13	57	9	20
22	41	10	26
27	16	24	33
