>transfac_public-M00262
27	15	24	33
12	24	12	52
7	21	7	66
55	3	10	32
2	95	0	3
0	100	0	0
0	100	0	0
84	0	15	2
3	39	31	27
55	36	10	0
92	1	7	0
1	0	1	97
0	19	75	6
1	97	1	0
75	16	3	7
23	34	0	42
2	46	4	48
29	2	59	10
3	77	10	10
23	8	62	8
21	36	14	29
8	39	15	38
