>transfac_public-M00068
31	21	18	31
18	18	21	44
22	17	44	17
7	0	84	9
7	0	82	11
18	20	35	27
21	78	0	0
11	29	33	27
0	100	0	0
100	0	0	0
2	8	83	8
13	75	12	0
0	0	0	100
0	0	100	0
12	58	17	13
0	2	71	27
21	29	25	25
2	77	4	17
12	71	4	14
19	58	8	15
15	30	20	35
20	30	23	27
