>transfac_public-M00231
5	28	25	42
16	32	31	21
18	36	27	19
19	25	33	23
22	12	43	23
33	9	21	37
20	4	43	33
3	85	3	9
3	8	0	89
85	0	0	15
57	0	0	41
91	0	1	8
96	0	0	4
93	0	1	6
0	0	0	100
100	0	0	0
9	0	90	1
34	46	11	9
36	28	8	28
20	37	15	28
30	34	13	23
23	23	22	32
