>transfac_public-M00237
16	4	76	4
32	8	48	12
8	24	56	12
12	12	44	32
72	0	24	4
0	0	16	84
0	52	0	48
0	0	100	0
0	100	0	0
0	0	100	0
0	0	0	100
0	0	100	0
48	36	0	16
8	56	28	8
48	0	8	44
40	4	32	24
0	40	40	20
0	72	16	12
0	100	0	0
