>transfac_public-M00232
22	22	24	32
26	27	29	18
26	14	26	32
18	21	37	24
22	3	49	26
31	10	9	50
15	4	39	42
0	98	0	2
0	0	0	100
80	0	1	19
53	0	0	47
92	0	0	8
91	1	2	5
99	0	0	1
0	0	0	100
98	0	0	2
5	0	92	3
46	39	4	11
42	27	6	25
26	34	6	34
30	28	18	24
30	28	23	19
