>transfac_public-M00224
8	18	42	32
23	10	37	30
14	31	20	35
18	38	38	6
60	14	15	12
31	26	9	33
0	0	0	100
0	0	0	100
4	91	2	3
0	100	0	0
0	33	68	0
0	0	100	0
4	0	95	1
100	0	0	0
100	0	0	0
36	9	30	26
11	11	11	67
20	11	70	0
25	13	47	16
13	37	49	2
32	13	40	16
