>yetfasco-1951
1	6	63	30
40	10	45	6
56	20	17	7
13	0	87	0
0	1	98	0
0	2	15	83
24	38	27	10
42	1	5	52
10	77	1	11
8	45	0	47
13	1	32	55
14	11	34	41
15	11	61	13
37	1	54	8
53	2	33	12
15	0	57	28
22	35	16	27
12	21	54	13
2	12	11	75
55	36	0	10
45	5	3	47
0	100	0	0
0	0	100	0
0	0	100	0
4	5	6	85
26	28	18	29
26	0	39	35
