>yetfasco-1599
51	4	27	18
66	28	5	1
41	7	50	2
0	0	99	1
99	0	0	0
0	0	6	94
8	0	49	42
17	14	39	30
11	42	19	28
34	35	4	27
13	48	29	9
43	46	9	2
63	36	1	0
40	2	25	34
5	1	89	5
12	52	31	6
0	9	91	0
1	0	0	99
98	0	2	0
14	40	7	39
82	13	5	0
14	42	19	25
