>yetfasco-1735
42	2	34	23
80	0	20	0
40	23	33	3
100	0	0	0
0	0	1	99
0	3	96	0
5	68	20	7
23	1	62	15
39	13	24	24
22	0	32	46
11	84	3	2
10	14	30	46
8	51	27	13
83	0	15	1
18	36	16	31
27	51	5	17
1	11	87	1
15	29	26	31
2	0	0	98
2	0	0	98
0	100	0	0
34	57	0	8
32	3	0	65
59	4	15	23
