>yetfasco-1436
8	15	23	54
15	77	0	8
54	8	31	8
8	8	0	85
0	0	92	8
0	8	0	92
38	15	15	31
46	15	15	23
54	0	0	46
38	23	8	31
77	8	0	15
23	15	23	38
15	31	15	38
8	23	0	69
77	0	15	8
0	100	0	0
100	0	0	0
0	0	0	100
0	100	0	0
85	8	8	0
