>yetfasco-533
34	14	18	34
23	18	22	37
46	9	45	0
0	0	8	92
19	81	0	0
55	9	25	12
0	58	0	41
15	24	21	40
28	20	18	34
17	28	16	39
29	26	24	22
20	22	17	41
99	0	0	0
0	99	0	0
1	0	99	0
44	4	41	11
