>yetfasco-856
32	21	19	28
16	17	23	44
22	29	17	32
46	12	18	23
35	20	23	22
34	14	28	23
57	2	2	39
85	1	2	12
40	16	18	25
0	92	1	7
0	18	4	78
0	99	0	1
0	97	3	0
0	3	97	0
14	0	85	1
71	6	20	3
29	18	44	9
16	17	21	46
37	10	23	29
23	17	30	31
32	21	20	27
