>yetfasco-851
19	38	30	14
30	24	18	28
22	24	34	19
15	25	18	42
12	17	27	43
8	19	8	65
2	1	96	1
0	2	4	94
98	0	2	0
1	0	99	0
94	0	0	5
1	0	0	99
0	98	0	2
0	26	1	73
21	38	24	17
38	22	26	13
26	30	10	33
19	24	28	29
26	21	18	35
18	28	30	24
