>yetfasco-1899
42	35	12	10
6	65	3	26
29	0	53	19
1	0	3	97
90	0	3	6
0	99	1	0
26	14	19	41
39	59	0	1
24	36	0	40
0	19	2	79
81	14	5	0
26	28	19	27
14	1	29	57
2	60	26	12
1	2	50	47
94	3	0	2
0	100	0	0
0	100	0	0
41	31	27	0
2	1	24	73
1	32	53	14
