>yetfasco-1866
37	0	44	19
24	53	0	23
2	50	0	48
0	3	0	97
0	98	2	0
93	0	7	0
0	1	67	32
37	47	3	13
38	5	0	57
12	67	18	3
8	14	66	12
81	15	3	0
99	0	0	1
0	13	2	84
0	83	17	0
21	7	30	43
67	6	21	6
49	13	34	5
