>yetfasco-1777
11	41	1	47
29	0	44	27
41	53	0	6
0	3	95	2
48	0	0	52
0	19	81	0
19	0	37	44
28	0	21	51
0	0	93	7
0	19	81	0
0	0	0	100
0	14	78	7
28	0	26	46
34	0	66	0
5	4	45	46
