>yetfasco-1648
25	2	62	11
27	25	33	15
15	30	42	13
80	1	0	19
0	0	23	77
0	0	32	68
17	4	34	44
33	34	29	5
14	30	34	22
45	10	42	4
7	67	14	12
22	7	32	39
0	59	3	37
23	34	29	15
7	1	5	87
3	0	95	2
91	8	0	1
26	3	49	21
14	68	11	7
20	52	2	26
