>yetfasco-824
12	37	30	22
43	27	10	21
31	32	19	18
40	20	19	21
44	9	23	23
41	16	26	17
4	2	9	85
1	4	0	96
13	87	0	0
99	0	1	0
2	0	98	0
0	0	99	0
2	0	98	0
0	3	97	0
3	10	55	32
65	16	6	13
53	15	19	13
28	21	17	34
29	22	18	31
26	25	22	27
