>yetfasco-1881
65	12	23	0
86	0	6	9
8	44	19	29
0	0	100	0
0	0	99	0
0	0	5	95
49	44	7	1
13	63	10	14
36	33	31	0
42	0	57	0
13	16	1	70
46	0	10	44
44	4	29	23
2	17	34	46
24	38	11	27
0	0	97	2
0	2	0	98
100	0	0	0
47	25	15	13
27	14	27	32
19	79	1	1
