>yetfasco-1811
20	2	16	62
19	20	36	26
6	75	0	19
98	2	0	0
2	0	97	0
23	0	3	74
17	42	0	40
11	8	0	81
1	59	13	28
55	22	0	23
48	8	1	43
0	16	59	25
41	24	0	35
49	7	0	44
0	0	46	54
0	7	0	92
0	0	100	0
11	67	23	0
9	50	40	0
48	12	38	2
