>yetfasco-1877
1	3	38	58
5	14	64	17
20	2	25	53
98	1	0	0
15	0	85	0
0	0	3	96
1	0	49	50
12	74	1	13
43	2	47	8
48	45	7	0
70	1	4	25
12	50	0	38
42	0	13	45
19	49	24	8
16	27	1	56
3	75	13	9
34	0	38	28
3	0	1	96
0	91	0	9
91	8	0	0
41	36	0	24
23	6	71	0
23	34	26	17
