>yetfasco-1816
11	3	1	84
0	0	0	99
42	0	0	58
1	17	10	72
2	96	0	2
0	93	0	7
21	58	9	11
59	11	19	10
86	0	2	12
24	3	0	73
6	52	0	42
51	0	35	14
1	0	99	0
0	0	100	0
12	6	82	1
43	46	9	2
40	0	3	57
54	0	24	21
