>yetfasco-1694
17	25	27	31
29	19	9	42
2	52	38	7
0	0	96	4
92	3	0	5
1	0	0	99
9	0	32	59
3	4	94	0
48	5	1	46
8	63	29	0
51	2	47	1
53	0	2	45
4	0	93	3
3	91	1	6
51	0	6	43
65	1	28	6
28	16	4	52
33	6	46	15
