>yetfasco-1441
13	7	27	53
9	9	9	73
36	32	14	18
8	23	62	8
6	13	50	31
15	30	26	30
44	22	17	17
47	18	12	24
24	12	18	47
17	17	22	44
30	26	30	15
31	50	13	6
8	62	23	8
18	14	32	36
73	9	9	9
53	27	7	13
