>yetfasco-1808
31	29	40	1
32	27	22	19
4	15	24	57
0	81	0	19
24	0	75	0
100	0	0	0
24	15	31	29
7	77	1	15
7	47	11	35
18	36	20	26
18	17	41	24
37	28	19	16
22	61	16	0
40	3	0	57
15	39	44	2
58	23	12	7
33	15	6	45
24	47	0	30
32	42	19	7
8	25	48	20
0	0	59	41
74	17	0	8
0	0	0	100
16	41	9	34
16	9	54	21
30	42	27	1
