>yetfasco-1924
6	65	1	28
5	37	29	29
39	7	42	11
0	100	0	0
0	100	0	0
88	4	8	0
49	1	20	29
34	44	11	11
0	67	21	12
48	39	7	5
7	8	39	46
8	47	5	41
1	2	54	44
49	2	48	2
14	34	6	46
17	20	55	8
99	0	0	1
2	6	0	92
0	99	0	0
4	47	36	13
76	0	6	18
54	18	27	1
