>yetfasco-806
29	32	23	16
23	34	27	17
22	28	30	19
30	25	22	24
8	27	33	32
48	25	23	4
53	18	29	1
1	98	0	1
0	1	99	0
0	1	99	0
83	1	15	0
49	5	43	3
76	3	2	19
11	2	1	86
59	8	4	29
60	11	17	12
15	31	36	18
26	21	28	25
11	40	29	20
23	23	31	23
18	22	35	26
