>yetfasco-801
10	15	48	27
45	16	15	23
22	25	18	35
18	49	13	20
34	24	15	27
16	10	56	17
13	18	30	39
3	96	0	0
97	1	1	1
0	92	1	6
6	1	92	0
1	1	1	97
0	0	96	3
47	24	14	15
17	56	10	16
19	23	10	47
19	25	31	25
29	28	28	14
22	25	13	39
31	38	14	18
23	20	38	19
