>yetfasco-825
22	33	8	37
18	13	14	55
53	22	9	15
18	9	54	18
37	27	17	19
30	19	20	31
23	8	9	59
35	9	6	50
6	77	5	12
6	5	65	24
0	94	5	0
0	99	0	0
0	1	98	1
2	2	93	4
7	9	1	83
39	23	8	30
26	23	21	30
15	17	14	54
23	11	33	33
24	21	30	24
39	22	24	16
