>yetfasco-822
38	17	33	12
17	19	28	36
27	19	25	29
21	23	25	30
28	30	16	25
21	14	49	16
67	6	14	13
77	3	10	10
80	6	3	10
57	8	5	30
0	60	1	38
0	98	2	0
0	96	3	0
0	0	99	0
95	2	1	2
19	19	38	23
30	17	36	16
29	20	30	21
32	27	17	24
18	20	31	30
16	20	17	46
