>yetfasco-863
21	11	46	22
38	11	12	39
32	9	38	21
49	5	23	23
21	42	28	9
21	24	24	31
13	13	2	72
7	5	6	82
4	77	3	16
1	93	4	2
2	4	93	1
16	3	77	4
82	6	5	7
72	2	13	13
16	31	21	32
39	8	33	21
24	37	14	25
32	13	19	36
37	16	31	16
53	7	37	3
