>yetfasco-847
6	51	13	30
20	38	27	15
29	30	25	15
17	34	15	34
35	26	11	29
33	16	14	37
10	21	5	64
2	8	5	85
1	92	1	5
1	93	5	1
1	5	93	1
5	1	92	1
85	5	8	2
64	5	21	10
43	11	21	25
25	24	29	22
25	30	10	34
23	27	14	37
17	31	23	30
15	43	24	18
