>yetfasco-1683
24	64	11	0
51	3	24	23
53	8	27	12
15	75	10	0
5	0	85	9
0	0	96	4
4	47	36	13
28	4	51	18
27	27	21	26
11	56	29	3
0	56	33	11
1	82	10	7
17	29	51	3
69	10	9	12
4	3	40	53
25	68	0	7
0	93	0	7
1	88	0	11
7	0	93	0
16	9	60	15
29	19	15	36
30	32	21	17
