>yetfasco-1768
33	4	21	42
2	43	50	5
24	42	26	9
0	63	26	11
0	2	97	0
0	100	0	0
16	62	20	2
18	32	34	15
1	15	33	50
18	29	5	47
8	17	6	68
18	32	40	10
25	0	32	43
13	2	61	24
6	31	13	50
1	20	77	2
32	19	1	49
10	14	38	38
1	0	99	0
5	83	12	0
0	96	2	2
36	13	50	0
21	37	27	15
24	6	60	10
