>yetfasco-1607
32	28	4	36
39	12	29	20
48	11	37	5
95	0	0	5
0	66	0	34
1	99	0	0
0	97	0	2
35	0	65	0
23	3	39	34
44	3	27	26
0	65	8	27
79	18	3	0
5	65	0	30
7	21	49	22
38	37	3	22
33	23	9	34
