>yetfasco-802
34	21	17	28
9	42	11	38
36	10	40	14
28	20	22	30
33	11	42	14
16	35	7	42
15	7	7	71
72	6	18	4
1	99	0	0
0	96	0	4
0	99	0	0
0	99	1	0
24	0	76	0
0	95	4	0
89	1	9	1
40	16	5	39
21	7	2	70
24	21	11	44
37	15	19	30
33	21	29	16
10	23	28	39
