>yetfasco-1971
21	44	24	11
15	2	5	77
59	0	29	12
4	96	0	0
4	84	4	9
51	0	48	1
42	18	36	4
0	37	62	2
32	24	18	26
31	11	14	45
25	24	19	32
8	30	38	24
4	0	75	21
1	59	37	2
51	21	12	15
34	37	11	19
4	78	12	7
14	11	53	22
35	0	53	13
3	79	0	18
0	27	50	24
0	100	0	0
0	0	0	100
89	11	0	0
27	25	6	41
1	31	64	4
30	25	20	25
