>yetfasco-852
33	32	15	20
31	17	21	31
42	11	28	19
38	11	28	23
14	38	30	18
2	19	66	14
6	87	2	5
2	0	98	0
98	2	0	0
2	0	0	98
0	0	99	0
92	5	3	0
0	19	78	2
10	44	40	7
20	10	5	65
29	13	37	21
28	24	12	37
23	21	33	24
27	37	26	10
27	37	21	14
23	22	19	36
