>yetfasco-857
15	20	39	27
12	30	19	38
10	42	39	9
10	17	38	36
41	32	5	22
18	43	16	22
11	70	6	12
7	31	60	3
2	89	4	6
2	9	88	1
1	95	2	1
1	2	95	1
1	88	9	2
6	4	89	2
3	62	24	10
12	6	70	11
22	12	33	32
6	31	32	31
18	9	39	35
15	28	39	18
22	11	35	32
