>yetfasco-1761
16	2	1	82
3	55	38	4
37	21	10	32
0	0	0	99
64	0	28	8
0	81	19	0
9	15	22	53
47	48	2	3
21	15	0	63
0	30	18	52
66	18	13	4
7	38	0	55
8	17	10	65
10	13	76	1
0	23	32	45
100	0	0	0
0	100	0	0
0	100	0	0
30	55	15	0
9	7	52	32
14	45	3	38
