>yetfasco-1678
22	30	18	30
8	11	37	45
38	20	11	31
0	3	0	97
0	15	0	84
99	0	0	0
27	41	5	28
1	53	6	40
13	5	46	36
21	0	79	0
71	0	23	5
8	40	45	7
16	13	38	32
38	52	5	6
33	30	33	4
40	17	41	1
13	12	43	32
10	43	41	6
5	3	34	58
4	0	0	96
2	86	12	0
92	0	2	6
10	27	43	20
31	61	3	5
14	56	31	0
