>yetfasco-1659
23	38	28	11
1	66	20	13
46	33	15	6
0	100	0	0
1	74	25	0
0	4	95	1
4	15	54	26
4	19	53	24
10	24	30	35
23	46	31	0
18	38	44	0
7	0	81	12
0	0	99	0
0	96	4	0
29	45	23	3
31	29	27	13
14	73	4	8
