>yetfasco-1483
4	24	10	62
3	9	9	80
16	10	20	54
7	56	13	23
5	84	6	5
23	17	36	25
18	37	10	35
36	32	30	2
12	36	28	24
20	15	33	33
43	26	22	10
3	2	93	2
12	27	37	24
31	34	10	25
16	33	32	19
21	27	30	22
