>yetfasco-1827
28	26	7	39
21	39	18	22
36	55	8	1
0	3	0	97
2	0	0	98
99	1	0	0
12	2	0	86
28	23	26	23
54	8	19	18
22	54	5	19
58	5	15	21
0	27	24	49
38	26	19	17
39	37	20	3
6	54	0	40
0	40	22	38
20	55	24	1
53	1	1	46
1	7	59	33
70	3	21	6
8	0	92	0
0	0	99	1
0	0	100	0
26	27	14	32
60	28	11	2
2	39	34	25
