>yetfasco-1830
23	32	22	24
63	0	25	12
90	0	2	7
0	12	0	87
99	0	1	0
1	85	14	0
0	73	7	19
8	45	46	1
38	0	7	55
40	0	59	1
70	28	0	2
18	67	15	0
23	75	2	0
0	100	0	0
46	0	53	1
0	22	23	55
41	31	4	25
1	39	59	1
