>yetfasco-1829
61	10	4	24
22	34	17	27
26	53	4	16
0	97	0	3
0	0	12	88
0	0	100	0
57	23	2	18
28	11	39	22
43	7	19	30
31	16	25	29
51	17	1	31
62	13	10	15
46	19	4	31
1	54	14	30
26	31	25	18
23	47	15	16
33	7	33	26
6	18	50	26
0	90	0	9
77	21	2	0
0	2	98	0
2	26	36	36
10	4	42	44
86	5	7	3
