>yetfasco-879
28	10	29	33
22	31	15	31
43	12	15	29
30	17	11	42
35	14	14	38
35	14	14	38
17	15	3	65
22	2	2	75
87	3	4	6
9	4	2	85
84	1	3	13
6	3	1	90
86	1	2	11
19	6	25	49
46	7	13	34
33	5	52	10
28	10	33	29
26	15	21	38
30	31	15	24
46	8	22	24
20	21	28	31
