>yetfasco-1732
24	17	46	13
61	8	0	31
56	23	0	21
29	0	71	0
2	43	37	17
49	0	50	0
17	68	0	15
30	9	18	43
40	15	43	2
21	19	12	48
19	68	5	7
0	3	9	88
0	4	96	0
51	34	5	10
25	3	0	72
42	12	9	37
51	17	13	18
