>yetfasco-818
15	46	24	15
29	36	23	12
47	7	18	28
37	18	16	29
24	24	25	27
7	49	26	18
23	1	74	2
2	0	96	3
1	1	97	1
1	2	1	96
1	1	97	1
2	81	1	16
88	4	5	3
54	29	3	15
23	3	3	72
64	14	8	14
19	15	23	43
20	22	40	18
22	22	20	36
37	22	25	16
46	23	21	11
