>yetfasco-1814
33	40	27	0
10	19	42	30
37	0	52	12
0	11	0	88
100	0	0	0
0	1	97	2
13	68	9	10
6	2	10	82
62	34	2	2
0	0	73	26
2	24	22	52
25	9	66	0
47	10	23	20
14	24	38	24
4	79	13	3
0	0	100	0
2	91	2	5
1	0	0	99
37	15	41	6
43	33	7	16
46	1	12	40
