>yetfasco-1095
17	17	39	28
44	17	33	6
11	0	78	11
11	6	0	83
11	89	0	0
94	0	0	6
6	0	0	94
11	6	6	78
17	83	0	0
61	0	0	39
0	28	0	72
22	17	33	28
28	33	0	39
44	22	0	33
