>yetfasco-841
13	57	13	17
17	30	11	42
20	43	16	20
53	19	16	12
23	15	28	35
36	11	32	21
10	10	14	66
7	3	1	89
3	14	4	78
1	97	1	0
0	71	28	0
1	2	96	1
96	1	3	0
52	9	37	3
15	17	57	11
23	21	15	41
8	48	31	13
27	6	43	23
13	48	15	24
15	58	18	9
