>yetfasco-835
18	29	21	33
25	19	33	23
52	8	10	30
53	8	13	27
37	7	15	41
12	15	13	60
15	0	85	0
1	0	0	99
96	4	0	0
98	1	0	1
99	0	0	1
0	93	0	7
99	0	0	0
87	4	2	7
67	5	7	21
25	19	41	15
37	16	30	17
28	18	33	20
21	12	45	23
42	19	25	14
