>yetfasco-1849
11	4	69	16
28	29	32	11
44	0	1	56
0	3	0	96
0	0	0	100
0	0	99	0
43	28	5	24
2	53	35	10
72	14	12	2
16	4	43	36
46	6	3	44
25	19	53	4
12	32	30	26
36	42	5	17
0	25	36	39
4	55	27	14
34	27	21	18
16	6	71	7
47	53	0	0
99	1	0	0
2	0	97	1
0	12	0	88
35	10	24	31
29	26	6	39
11	23	29	37
