>yetfasco-795
33	18	23	27
25	28	31	15
16	18	26	39
18	13	43	27
18	51	18	13
53	8	39	0
6	10	3	81
1	95	2	2
92	0	3	5
0	84	13	2
2	13	84	0
5	3	0	92
2	2	95	1
81	3	10	6
3	39	7	51
13	13	43	31
16	47	18	18
34	32	15	19
25	17	24	33
16	39	24	21
