>yetfasco-873
31	24	14	32
12	20	30	37
19	11	33	36
39	13	32	16
15	23	27	36
14	23	55	7
1	96	1	2
0	1	98	1
0	1	98	1
90	4	3	3
3	3	4	90
1	98	1	0
1	98	1	0
2	1	96	1
4	63	9	25
26	11	34	28
15	31	32	23
20	34	31	15
27	11	13	49
12	46	19	23
