>yetfasco-1682
42	1	2	56
32	49	8	11
9	28	46	18
0	0	5	95
0	1	97	2
99	0	1	0
16	31	2	51
35	28	35	2
33	0	5	61
23	3	48	27
3	4	91	2
45	4	48	3
55	11	25	10
3	66	21	10
2	29	54	16
3	2	61	34
0	20	33	48
48	1	51	0
0	100	0	0
1	0	1	98
4	1	60	35
76	9	12	4
35	25	12	28
