>yetfasco-1480
41	16	6	38
6	9	2	83
16	9	12	64
27	20	13	40
12	65	6	18
11	81	1	7
17	18	11	53
35	16	10	40
38	11	15	37
16	18	7	59
24	22	11	43
22	18	28	31
22	10	46	22
13	18	35	34
56	5	24	15
63	6	7	23
72	8	7	13
13	16	5	66
20	8	21	51
1	8	0	90
75	6	12	7
20	55	0	25
64	10	14	13
22	21	28	29
