>yetfasco-867
25	25	22	28
37	24	16	24
25	27	26	22
44	19	24	14
11	22	24	43
18	22	20	40
7	26	2	65
0	98	1	1
0	3	96	0
1	1	98	0
72	8	18	1
19	17	20	44
45	5	2	48
12	1	1	86
82	3	3	12
48	11	11	30
19	27	39	16
20	33	23	23
31	29	24	16
37	13	30	20
50	17	23	10
