>yetfasco-958
44	44	0	11
11	22	0	67
0	67	0	33
0	0	11	89
0	67	11	22
33	0	0	67
0	0	0	100
22	78	0	0
22	0	0	78
0	100	0	0
22	0	0	78
11	78	0	11
22	11	0	67
11	33	0	56
44	33	0	22
