>yetfasco-1966
60	0	21	20
0	0	99	0
46	0	49	5
0	0	100	0
0	4	0	95
50	0	50	1
9	0	39	53
28	0	64	8
45	1	4	49
49	0	41	10
10	9	30	51
32	0	66	2
0	7	30	63
15	39	14	32
7	67	20	5
72	0	15	13
44	0	56	0
0	4	0	96
0	0	100	0
23	0	77	0
0	0	38	62
64	0	12	24
