>yetfasco-2038
47	38	0	16
28	5	35	32
26	21	36	17
4	2	94	0
0	0	99	0
0	0	100	0
4	48	2	46
5	79	0	16
100	0	0	0
21	44	34	0
30	21	0	48
32	0	67	1
13	19	53	15
0	4	92	4
0	13	0	87
0	89	9	2
2	36	18	44
17	21	57	6
0	35	42	24
