>yetfasco-1960
25	5	7	63
13	42	21	24
8	4	60	27
0	0	100	0
0	0	0	100
0	0	100	0
19	19	47	15
8	63	14	14
7	48	0	45
41	11	46	2
24	14	35	27
47	43	3	6
0	1	42	56
48	44	6	2
34	0	33	33
7	36	14	43
0	0	99	0
8	1	0	91
1	0	98	0
19	22	44	14
11	50	34	6
42	5	50	3
