>yetfasco-2065
9	75	9	8
6	4	87	4
11	18	66	5
19	24	50	8
40	13	30	18
21	7	34	39
15	8	37	40
5	28	65	3
3	2	89	6
10	46	34	11
14	17	18	51
23	16	16	45
26	37	20	18
3	86	9	2
12	65	7	17
7	11	78	5
