>yetfasco-1741
20	35	26	19
24	20	21	35
48	9	43	0
0	0	0	100
6	93	0	1
57	8	34	1
0	52	2	46
11	22	18	48
27	22	14	36
18	29	18	34
25	25	33	18
20	22	22	35
100	0	0	0
0	100	0	0
0	1	99	0
45	8	29	17
30	26	19	24
24	25	26	26
