>yetfasco-1639
39	5	11	45
0	12	8	80
14	2	57	27
0	1	2	97
0	2	0	98
0	100	0	0
0	25	1	74
80	0	14	6
6	32	46	17
52	20	8	20
49	12	24	16
2	62	24	12
0	29	68	2
14	2	0	84
1	23	0	76
0	96	0	3
2	46	22	31
25	46	14	14
8	26	35	31
