>yetfasco-844
19	50	25	6
34	29	14	22
29	30	22	19
30	13	29	28
25	33	32	11
28	40	27	6
10	2	72	16
2	2	95	1
0	96	1	2
0	1	98	0
1	0	99	0
82	2	16	0
28	7	56	10
48	3	7	42
19	7	5	70
41	14	14	31
24	43	20	13
34	35	12	19
16	58	16	11
26	39	13	22
23	34	26	18
