>yetfasco-1328
85	0	0	15
16	0	69	16
16	0	69	16
24	0	69	8
24	76	0	0
0	15	53	31
0	53	0	47
0	92	0	8
0	84	8	8
0	77	8	16
15	15	8	62
0	0	0	100
24	69	0	8
85	15	0	0
31	0	69	0
0	0	92	8
