>yetfasco-1993
31	23	19	27
23	19	30	28
45	14	41	0
0	0	6	94
11	86	2	1
51	12	32	4
0	59	0	41
15	24	21	39
21	25	20	33
15	35	20	30
24	30	28	18
16	25	24	35
100	0	0	0
0	100	0	0
0	0	99	1
40	8	35	17
26	27	24	23
28	25	24	23
