>yetfasco-2060
16	16	29	40
4	81	8	7
10	6	78	7
3	21	70	6
26	20	18	36
15	35	40	10
21	39	18	22
21	22	29	28
12	36	37	16
31	13	44	12
25	40	20	15
25	19	47	8
54	11	22	13
18	18	51	13
55	16	18	12
36	23	23	18
19	24	35	22
20	14	46	20
20	40	25	14
19	21	42	18
12	50	33	6
10	52	26	12
5	20	73	2
37	19	20	24
