>yetfasco-838
31	14	18	37
21	34	23	23
22	46	12	19
28	49	12	11
11	38	14	37
12	22	32	35
0	1	19	80
0	98	1	0
1	5	94	0
0	2	97	0
0	97	2	0
0	94	5	1
0	1	98	0
80	19	1	0
48	16	18	17
36	19	37	8
21	10	37	33
34	32	17	18
20	41	10	29
36	8	41	15
