>yetfasco-1932
62	10	28	0
0	46	20	33
26	6	4	64
0	99	0	1
0	99	0	0
0	0	10	90
54	32	8	7
7	27	11	55
6	88	0	6
8	0	65	28
0	38	0	62
24	32	42	1
29	43	23	4
56	30	13	0
89	0	10	1
1	90	8	1
97	2	0	0
29	30	4	36
37	3	16	45
11	13	50	26
