>yetfasco-790
16	24	33	26
19	19	17	45
17	19	24	39
26	28	14	33
22	28	20	29
11	17	61	11
8	2	80	9
1	1	97	2
7	0	92	1
1	0	7	92
1	1	97	1
1	3	2	94
67	13	8	11
15	46	15	24
2	1	94	3
1	1	96	2
6	2	87	5
14	27	3	56
17	9	53	21
37	4	21	38
52	22	7	19
42	26	16	16
44	9	29	18
