>yetfasco-794
24	43	16	16
18	16	51	15
19	33	19	29
27	9	25	39
25	8	36	31
50	4	7	39
6	22	13	58
20	2	1	78
77	2	1	20
81	0	0	18
18	0	0	81
20	1	2	77
78	1	2	20
58	13	22	6
30	11	13	46
14	18	43	25
15	32	38	15
14	18	55	13
28	21	40	10
34	34	16	16
