>yetfasco-1930
18	36	7	39
17	13	51	19
4	15	58	23
1	99	0	0
96	1	0	3
0	2	98	0
51	14	35	0
13	15	46	26
55	6	33	5
18	61	0	21
27	6	21	46
3	42	28	27
34	25	29	12
19	73	5	3
5	49	4	43
48	6	45	2
2	34	0	63
1	4	61	33
22	13	61	4
2	7	60	31
1	0	0	98
0	0	4	96
0	0	100	0
5	11	1	84
20	7	72	1
28	0	35	37
