>yetfasco-1978
30	5	20	45
35	16	19	30
5	55	31	9
0	0	88	11
4	60	32	4
2	17	0	81
26	27	6	41
20	46	25	9
43	5	19	33
26	30	31	14
10	30	38	22
14	45	36	6
1	0	97	2
25	5	12	59
21	34	9	36
3	57	1	39
8	1	36	56
2	72	16	10
17	30	27	27
33	28	6	32
34	64	0	2
100	0	0	0
98	0	0	2
0	0	94	5
38	19	19	24
30	22	2	46
7	50	26	17
