>yetfasco-1975
65	4	0	30
45	31	11	12
4	10	26	60
0	100	0	0
100	0	0	0
0	99	0	0
12	38	16	34
31	61	0	8
15	38	35	12
57	40	0	3
16	48	9	27
0	47	17	36
13	47	40	0
36	35	14	15
12	34	3	51
1	4	90	5
60	21	6	13
5	36	38	21
50	17	14	19
0	99	0	1
97	0	3	0
0	93	0	6
8	19	64	8
3	82	15	0
6	7	23	64
