>yetfasco-800
18	26	18	39
29	24	29	17
44	19	21	16
28	21	18	34
13	41	14	33
24	11	57	8
11	1	83	5
3	65	1	31
0	1	99	0
0	85	15	0
0	87	13	0
1	1	95	3
1	52	0	46
62	1	34	3
9	43	14	34
22	31	36	11
33	24	21	23
23	43	16	18
16	24	34	26
34	27	12	27
