>yetfasco-1818
21	19	46	14
4	60	3	32
72	26	1	0
3	97	0	0
0	100	0	0
92	0	0	8
0	50	0	50
24	47	0	30
53	0	0	47
1	69	10	19
10	54	0	36
38	21	18	23
8	35	44	14
57	12	25	6
1	38	0	61
57	20	18	4
20	2	74	4
17	37	41	5
0	90	0	10
0	96	0	4
96	0	0	4
44	14	31	11
24	3	14	59
56	9	35	0
