>yetfasco-1884
9	54	0	37
53	33	13	1
66	3	5	27
1	3	91	5
0	1	99	0
0	99	0	1
29	0	59	12
0	73	23	4
2	21	57	20
19	21	60	0
58	13	0	29
10	41	0	49
1	36	30	33
25	25	37	14
28	15	53	3
14	34	39	14
25	22	15	38
78	1	20	0
34	0	47	19
60	0	25	14
7	92	0	0
0	0	0	100
100	0	0	0
62	7	29	2
31	2	5	62
0	23	70	6
