>yetfasco-310
31	22	12	34
47	12	16	25
19	28	53	0
16	28	3	53
12	0	81	6
56	9	3	31
0	100	0	0
88	0	12	0
0	100	0	0
100	0	0	0
97	0	0	3
75	0	0	25
38	16	22	25
19	12	28	41
34	34	9	22
28	16	31	25
28	12	25	34
