>yetfasco-1481
7	71	2	21
7	60	20	13
6	30	43	20
11	29	28	31
12	72	6	9
18	16	14	53
28	11	15	46
26	21	39	14
74	7	6	12
13	18	22	47
19	65	7	10
64	8	13	16
20	42	14	24
27	23	22	29
33	10	33	25
21	43	22	14
12	19	19	50
10	34	50	5
68	13	11	9
36	18	16	30
40	29	25	6
60	14	14	13
43	29	11	17
16	41	14	29
56	22	11	10
38	33	9	21
5	79	9	8
33	6	32	28
13	14	58	15
