>yetfasco-834
28	21	22	29
36	33	17	15
29	28	26	17
13	41	23	23
27	23	25	25
14	35	8	43
0	99	0	0
0	0	99	0
0	0	99	0
98	0	2	0
4	1	95	1
89	0	0	11
9	0	0	91
98	0	0	1
47	5	7	41
20	19	12	49
20	14	25	41
26	15	29	30
18	18	26	37
34	28	23	14
