>yetfasco-1940
0	48	52	0
2	24	26	48
28	1	66	5
98	1	0	0
0	35	65	0
0	0	0	99
77	13	1	10
55	1	7	37
31	31	23	14
22	0	38	40
0	37	22	41
52	32	16	0
8	12	16	64
1	65	20	15
35	12	54	0
8	57	35	0
4	30	43	22
29	0	34	37
29	1	35	35
14	36	49	2
0	0	0	100
0	0	94	6
1	4	95	0
33	1	19	47
3	20	44	32
42	5	9	44
