>yetfasco-1797
17	0	17	65
0	29	52	19
21	0	30	49
0	0	0	100
10	0	89	0
100	0	0	0
5	89	5	0
45	7	0	47
45	0	11	44
50	23	0	27
0	1	37	62
22	23	55	0
0	4	11	85
0	0	0	100
0	86	14	0
100	0	0	0
16	82	0	1
0	51	9	40
14	4	62	20
