>yetfasco-1965
36	3	42	19
6	10	84	0
8	4	77	12
23	0	54	23
0	0	1	98
0	0	85	15
29	4	67	0
9	0	54	37
23	0	5	72
32	0	34	34
13	15	50	22
27	0	25	48
0	2	24	73
59	21	17	3
34	0	66	0
29	0	0	71
42	6	52	0
0	0	8	92
41	0	59	0
14	20	41	25
0	0	89	11
19	0	71	10
