>yetfasco-789
34	12	32	23
13	19	31	37
14	44	20	22
34	25	13	28
23	13	55	9
65	6	18	11
22	9	26	44
2	97	0	0
98	1	0	1
0	94	1	5
2	1	98	0
0	0	1	98
0	0	99	1
70	10	5	16
2	55	4	39
16	35	32	16
32	9	21	37
25	15	41	19
23	24	18	34
33	15	15	37
19	27	32	23
52	13	10	25
