>yetfasco-1950
3	26	47	24
74	5	13	8
5	39	16	40
0	0	99	0
100	0	0	0
0	2	0	98
52	42	0	6
0	0	3	97
9	19	12	60
23	58	12	7
34	3	59	4
43	10	32	16
24	44	30	2
26	8	5	61
56	22	9	13
4	66	4	26
27	68	0	5
14	37	0	49
3	25	31	41
6	76	0	18
0	1	98	0
0	0	79	21
34	19	7	41
34	10	49	7
