>yetfasco-823
38	21	23	18
42	12	22	24
25	18	29	28
30	23	28	19
35	23	23	19
37	12	29	22
57	5	13	24
48	3	12	36
17	3	2	79
20	5	1	74
97	1	2	1
22	0	77	0
1	0	98	0
1	0	99	1
2	0	94	3
11	4	38	47
28	14	39	19
24	15	37	24
41	15	32	13
35	27	21	17
20	16	27	36
