>yetfasco-1680
29	30	37	4
14	34	33	19
27	0	37	36
91	9	0	0
7	0	0	93
0	87	2	11
50	40	0	9
6	72	0	21
3	72	5	20
32	34	0	34
6	24	32	37
10	34	30	26
9	8	16	66
61	3	2	33
0	71	29	0
2	1	97	0
6	15	50	30
34	31	0	36
31	35	7	27
