>yetfasco-1845
24	19	14	43
1	35	43	22
18	34	19	29
0	99	0	0
98	0	2	0
100	0	0	0
30	0	9	61
37	31	2	30
5	82	13	0
6	28	36	30
3	73	13	11
46	51	0	3
17	0	61	22
1	0	99	0
0	99	0	0
0	97	0	2
36	10	3	51
54	0	34	12
12	0	43	45
