>yetfasco-842
17	34	23	26
14	25	21	39
16	47	15	21
19	13	37	32
24	28	23	25
31	18	28	23
7	34	7	52
2	68	2	28
1	3	0	96
0	98	0	2
2	0	98	0
96	0	3	1
28	2	68	2
52	7	34	7
27	13	36	24
42	16	32	10
8	23	12	57
13	13	46	28
26	31	18	24
25	11	45	18
