>yetfasco-828
19	12	16	52
26	27	25	23
19	21	36	24
58	18	10	14
37	9	22	31
46	10	12	33
3	3	2	92
64	0	0	35
16	7	76	0
0	93	7	0
0	98	2	0
0	0	99	0
1	99	0	0
0	70	12	18
22	23	42	13
60	4	9	27
34	18	19	29
38	21	22	20
56	14	13	17
27	15	32	26
