>yetfasco-1910
3	38	0	59
14	66	1	18
18	7	11	64
85	11	1	3
1	83	2	14
93	0	1	5
22	78	0	0
21	8	23	47
2	51	9	38
74	8	3	15
12	12	36	40
17	0	1	82
55	22	22	0
0	0	2	98
5	0	93	1
86	0	13	0
41	0	34	25
30	3	64	4
37	4	46	13
