>yetfasco-2063
18	27	8	47
3	70	21	6
6	12	69	13
5	28	63	5
30	22	21	27
12	52	27	9
28	32	17	24
26	25	22	27
8	44	19	28
27	9	8	55
20	41	22	17
25	22	18	36
23	40	11	26
25	13	47	14
16	42	20	21
26	35	23	16
24	33	19	25
26	10	51	13
15	50	19	16
27	11	44	18
19	50	27	5
22	39	29	10
6	5	88	1
59	19	12	10
