>yetfasco-1657
0	16	33	51
15	78	5	2
23	24	0	53
96	0	4	0
0	3	0	96
99	0	0	0
12	60	0	27
45	32	7	16
41	7	0	51
21	8	0	71
3	79	15	3
5	5	41	49
0	27	6	67
82	7	11	0
0	18	4	78
80	0	0	20
61	0	18	21
40	34	25	1
