>yetfasco-1068
56	0	33	11
56	0	0	44
44	22	22	11
33	0	67	0
56	0	0	44
67	0	33	0
89	0	0	11
100	0	0	0
11	0	56	33
78	11	11	0
89	0	0	11
11	11	0	78
100	0	0	0
56	22	0	22
56	11	11	22
