>yetfasco-944
32	32	16	20
24	25	19	32
19	7	51	24
39	44	3	15
3	0	0	97
0	0	0	100
100	0	0	0
4	76	5	15
52	16	21	11
0	0	0	100
91	9	0	0
100	0	0	0
5	4	24	67
25	65	8	1
48	5	3	44
31	24	21	24
29	20	25	25
28	19	24	29
