>yetfasco-872
17	27	27	29
60	22	10	8
52	16	18	15
45	13	18	23
25	19	11	46
3	29	38	30
71	1	27	1
2	0	97	0
97	0	0	3
16	0	0	84
0	98	0	1
0	7	0	93
97	1	2	0
8	88	2	2
47	16	31	6
45	17	18	21
24	16	47	13
13	44	22	22
22	23	14	41
19	12	50	19
