>yetfasco-1943
0	44	5	51
26	22	4	48
35	6	55	4
1	0	0	99
98	2	0	0
2	97	1	0
18	32	9	41
23	1	65	10
12	59	3	25
38	3	38	21
43	0	5	52
21	53	21	5
61	4	31	5
1	44	4	52
8	6	11	75
24	60	13	3
3	21	38	38
2	69	20	8
2	6	56	35
2	65	13	20
61	8	30	2
5	94	1	0
0	100	0	0
0	0	0	100
51	12	0	37
18	47	19	16
17	16	37	30
