>yetfasco-1860
0	1	60	39
0	14	70	16
8	0	0	91
1	98	0	0
39	60	0	0
98	0	1	1
44	35	3	18
16	57	0	27
35	1	8	57
63	4	22	11
1	94	5	0
67	0	8	25
35	36	16	13
28	0	57	15
40	15	0	46
70	0	30	0
1	13	78	8
99	0	1	0
48	44	3	4
30	40	9	21
0	55	44	1
