>yetfasco-1831
45	9	18	29
12	33	38	18
79	17	0	4
99	0	0	0
0	6	94	0
0	0	95	5
25	63	1	11
15	39	0	46
28	12	39	21
19	33	16	31
22	12	10	56
4	16	80	0
28	14	41	17
25	1	33	40
41	20	15	24
19	70	1	10
19	51	16	14
39	1	57	2
17	61	0	22
31	5	58	7
26	22	3	49
2	58	0	40
0	100	0	0
0	0	100	0
6	19	68	6
47	16	25	12
48	4	25	23
