>yetfasco-1330
0	0	65	35
63	32	5	0
95	5	0	0
5	0	95	0
10	0	90	0
39	0	56	5
39	0	51	10
10	37	23	29
0	0	61	39
15	57	28	0
5	95	0	0
0	23	9	68
67	0	9	24
33	0	5	62
63	0	37	0
68	27	0	5
62	5	9	24
39	5	32	24
0	0	65	35
30	0	65	5
