>yetfasco-1656
16	15	19	49
4	5	67	24
15	62	8	16
3	10	14	73
40	18	26	15
23	0	0	77
15	0	18	67
66	0	21	13
84	0	0	16
4	0	0	96
83	0	0	17
0	0	0	100
59	0	5	36
31	5	11	53
51	26	0	22
