>yetfasco-1624
1	37	51	11
19	31	23	27
47	5	19	29
0	25	22	53
0	76	8	16
88	0	0	12
21	21	58	0
28	68	3	2
16	18	8	58
28	21	29	21
11	24	29	36
43	27	19	11
27	10	17	46
3	39	57	1
16	52	14	18
42	5	7	47
0	53	7	40
37	24	26	13
36	30	2	32
21	28	31	19
48	2	0	50
74	5	0	21
11	0	85	4
16	0	64	20
31	34	35	0
8	31	21	40
