>yetfasco-1623
9	57	24	10
40	15	31	13
29	35	12	24
2	95	0	3
0	4	95	1
0	0	100	0
67	0	17	15
15	48	37	0
47	2	8	43
50	15	21	14
3	25	67	6
43	5	4	49
12	40	25	23
3	2	0	94
42	57	1	1
14	41	23	22
1	65	6	28
15	77	0	8
0	87	0	13
0	1	98	0
95	0	5	0
12	20	25	43
6	75	19	0
