>yetfasco-1742
31	10	20	39
6	7	1	86
50	13	23	13
89	1	11	0
0	3	6	91
0	12	0	88
5	35	29	31
5	23	61	11
16	52	15	17
31	33	22	14
60	2	5	33
29	1	22	47
54	36	4	7
27	34	26	14
62	8	27	3
45	42	2	12
10	87	3	1
31	42	21	7
0	0	5	95
6	0	94	0
98	1	1	0
25	46	8	21
23	68	0	9
2	48	44	6
