>yetfasco-1733
46	4	37	13
6	0	11	84
6	38	3	52
98	1	0	0
1	1	46	52
0	96	4	0
46	42	6	5
52	41	1	6
47	47	0	6
25	0	17	58
1	92	0	7
0	14	0	86
11	0	4	85
0	3	97	0
29	27	11	33
16	26	58	0
21	2	77	0
