>yetfasco-855
18	22	26	34
15	34	23	27
13	29	22	37
21	35	18	25
29	23	25	24
41	14	11	33
75	2	16	8
7	40	46	8
1	1	1	97
2	0	98	0
1	0	1	98
0	0	99	0
0	0	99	0
1	98	0	1
2	0	82	15
1	61	6	33
11	46	25	18
16	30	25	29
24	26	29	21
24	23	21	32
33	25	22	20
