>yetfasco-1760
22	0	45	34
27	8	0	65
43	0	34	23
11	11	0	77
26	18	29	27
8	0	0	92
34	0	28	38
29	16	0	55
20	13	51	17
0	0	0	100
69	6	0	25
14	0	0	86
18	9	10	63
53	22	10	14
31	8	11	49
