>yetfasco-1786
4	0	3	93
0	31	50	19
1	63	28	8
13	0	0	87
45	0	55	0
96	0	0	4
4	45	34	16
43	45	12	0
60	4	1	35
9	46	11	34
15	80	2	2
21	7	0	72
2	46	51	0
33	1	28	38
20	21	57	2
52	18	1	29
