>yetfasco-792
18	30	10	41
22	23	22	34
14	11	11	65
38	21	8	34
20	32	11	38
15	32	14	38
39	7	3	51
58	9	5	28
17	7	2	75
81	3	7	9
9	7	3	81
75	2	7	17
28	5	9	58
51	3	7	39
46	10	12	32
37	11	11	41
47	8	34	11
20	16	30	33
29	12	34	25
29	26	25	20
