>yetfasco-1712
14	35	21	31
13	17	37	33
14	23	8	54
0	0	98	1
3	0	96	1
2	4	0	93
36	12	32	20
12	25	45	17
5	7	14	74
23	37	38	2
8	29	30	33
5	31	4	60
31	22	11	36
13	8	42	37
54	20	24	2
34	1	32	33
23	68	8	2
4	32	35	29
10	19	54	17
21	50	7	22
11	86	0	2
96	0	0	4
0	0	100	0
0	36	33	31
63	1	17	19
25	12	48	14
