>yetfasco-836
40	24	15	20
31	30	26	13
35	33	16	16
25	35	17	23
25	13	13	49
17	14	10	58
9	64	7	20
2	70	5	22
0	83	16	0
0	13	86	0
6	1	92	1
16	1	80	3
75	8	12	6
15	14	12	59
35	26	16	24
20	15	33	32
18	26	25	31
25	22	31	22
55	14	16	15
20	22	16	42
