>yetfasco-1835
1	32	17	51
7	92	0	1
26	5	62	7
0	2	97	0
0	0	0	99
0	0	0	100
29	35	0	36
37	24	4	35
38	61	0	1
32	9	28	32
26	50	20	4
33	28	34	5
5	4	24	67
4	13	66	17
2	49	2	48
42	15	27	16
98	1	1	0
0	89	5	7
2	12	0	86
57	12	15	16
82	1	15	1
19	32	16	33
