>yetfasco-840
30	20	17	34
18	23	33	25
36	18	23	23
30	20	22	28
24	19	35	21
20	13	29	38
54	4	41	2
1	1	1	97
0	1	93	6
97	1	0	1
0	56	43	0
1	0	1	97
6	93	1	0
97	1	1	1
2	41	4	54
33	37	14	17
23	32	18	28
27	33	12	28
27	15	21	36
14	27	22	37
24	25	30	22
