>yetfasco-1779
58	21	0	21
88	0	2	10
43	35	11	12
81	0	0	18
5	11	4	81
89	0	8	3
17	1	28	55
9	13	34	44
36	35	0	29
47	0	17	36
16	6	0	78
79	0	14	7
38	0	0	62
21	16	21	42
17	13	23	47
