>yetfasco-1594
8	74	7	10
24	32	40	3
18	31	32	19
0	0	100	0
0	100	0	0
0	0	0	99
9	6	85	1
0	41	30	29
10	35	20	35
4	10	23	63
43	48	6	3
23	50	0	26
17	13	39	31
14	83	0	2
3	20	67	10
13	0	46	41
41	21	0	38
71	0	3	26
0	9	0	91
88	0	10	2
99	1	0	0
63	37	0	0
56	21	22	1
11	50	22	17
