>yetfasco-1858
16	21	54	8
55	14	0	31
0	53	23	24
2	97	0	0
1	94	0	5
92	0	7	1
4	12	12	72
0	25	15	60
81	18	0	0
0	42	23	35
6	3	41	50
3	75	22	0
8	14	52	25
68	0	25	7
53	26	0	21
0	0	0	100
99	0	1	0
0	73	24	3
65	5	3	26
42	1	6	50
25	38	0	36
