>yetfasco-698
42	0	54	4
72	21	1	6
59	29	12	0
68	1	30	1
25	50	0	25
57	18	1	24
7	1	76	15
59	0	41	0
74	1	18	7
82	1	10	7
69	18	1	11
76	21	1	1
22	5	55	18
74	22	1	3
100	0	0	0
96	4	0	0
58	2	6	33
76	1	21	1
