>yetfasco-1751
52	0	0	48
39	24	0	38
42	17	0	41
3	0	0	97
31	6	35	29
32	0	0	68
13	13	1	73
55	14	0	31
62	22	4	13
4	0	0	95
35	0	32	33
9	7	0	83
17	60	0	23
11	9	35	44
61	3	0	36
