>yetfasco-1601
42	0	45	13
20	1	35	45
16	8	73	2
0	0	0	100
7	92	1	0
0	3	97	0
12	20	39	29
34	12	15	39
56	6	34	5
50	14	8	27
0	64	9	26
3	0	52	44
40	4	44	12
58	0	6	36
49	30	3	18
0	0	99	1
0	93	7	0
3	0	0	97
31	26	12	31
24	33	34	10
4	50	9	36
