>yetfasco-1652
41	2	13	44
23	31	0	46
22	10	15	53
30	0	0	70
52	14	22	12
48	0	0	52
19	38	0	43
24	22	25	28
27	15	34	24
21	0	0	78
82	0	0	18
0	0	0	100
15	0	49	36
24	0	47	30
78	0	0	22
