>yetfasco-820
17	30	37	16
23	14	59	4
13	9	33	44
11	43	11	34
25	23	7	44
4	11	65	20
49	41	4	6
3	2	6	89
3	2	11	84
89	3	5	3
4	56	10	30
17	5	72	6
7	9	4	81
65	19	6	10
83	6	7	3
16	8	48	28
23	47	14	16
34	9	43	15
43	13	30	14
17	44	24	15
