>yetfasco-1784
40	16	21	24
29	0	50	21
39	28	34	0
2	44	48	6
15	0	4	82
2	0	98	0
43	14	8	35
22	34	26	18
11	51	26	12
11	12	37	40
3	0	77	20
0	2	63	35
45	5	26	23
20	0	80	0
0	1	99	0
0	4	0	96
46	35	12	7
39	15	1	46
47	14	8	30
