>yetfasco-1510
3	89	2	5
2	11	84	4
5	8	80	7
47	27	14	12
14	32	46	8
15	29	35	21
41	22	24	13
26	40	24	10
0	9	4	87
14	43	28	14
7	19	12	63
15	33	29	24
7	34	46	13
22	23	21	34
3	77	19	2
5	89	4	2
3	1	94	2
