>yetfasco-874
53	19	12	15
12	52	12	24
29	21	30	20
18	29	18	35
28	11	49	11
18	30	6	46
22	11	6	62
75	10	11	4
1	99	0	0
0	97	0	3
0	99	0	0
0	99	1	0
21	0	78	0
0	93	7	0
84	2	13	1
33	11	6	51
25	10	2	63
18	24	11	47
40	10	24	25
31	22	26	21
13	14	33	40
