>yetfasco-803
26	26	15	33
31	10	20	39
15	40	22	23
23	29	14	34
24	19	27	30
12	52	8	28
1	98	1	1
0	1	98	0
0	1	98	0
98	0	1	0
66	1	6	28
63	13	5	19
96	0	0	3
79	0	0	20
10	38	1	51
23	20	4	53
15	19	18	48
19	21	30	30
26	31	19	24
39	22	26	13
