>yetfasco-1731
69	4	5	22
19	11	70	0
48	6	42	4
81	1	15	3
0	75	0	24
0	1	0	99
26	4	17	53
0	28	11	62
24	1	68	7
4	10	24	63
70	0	3	27
0	57	9	33
44	7	9	40
40	0	58	1
10	0	55	35
0	13	86	0
0	3	97	0
1	1	0	99
5	29	65	2
5	36	0	59
2	2	0	96
