>yetfasco-369
5	85	3	6
5	3	86	5
5	3	86	5
39	18	23	20
26	24	26	24
32	24	23	21
48	10	19	22
35	22	27	16
35	13	10	41
34	17	29	21
24	22	19	35
33	23	19	26
24	31	28	18
28	14	17	42
8	74	10	8
11	84	2	2
8	7	78	8
