>yetfasco-870
25	11	40	25
48	3	17	32
17	30	26	28
20	28	12	40
43	19	27	11
36	16	33	15
3	3	66	28
2	95	2	1
91	1	8	1
1	95	2	3
3	2	95	1
1	8	1	91
1	2	95	2
28	66	3	3
15	20	11	53
47	25	12	16
36	30	18	16
11	21	32	36
36	27	15	22
13	33	15	39
