>yetfasco-832
12	61	15	13
22	30	21	27
33	12	22	33
9	40	23	29
11	41	24	24
15	21	32	32
19	10	8	62
6	12	52	30
76	20	3	1
1	2	0	97
2	0	97	1
0	98	1	1
96	0	4	0
8	10	22	61
8	19	69	4
12	33	26	30
18	17	15	51
26	45	13	16
26	42	15	17
15	39	15	31
8	42	10	40
