>yetfasco-1602
6	22	50	22
73	11	2	14
15	1	5	79
0	14	24	62
9	0	5	86
0	39	0	61
0	47	5	49
12	14	54	20
13	5	25	57
57	29	0	14
0	0	11	89
0	31	5	64
0	12	0	87
46	12	24	18
13	42	37	8
2	29	24	44
