>yetfasco-1832
11	14	35	40
33	0	46	21
55	0	0	45
78	0	0	22
50	0	5	46
78	0	0	22
63	0	0	37
17	0	29	54
32	5	29	34
100	0	0	0
22	0	19	59
94	0	0	6
38	0	40	23
53	0	0	47
19	14	53	14
