>yetfasco-1749
0	40	49	11
51	32	11	7
65	0	22	13
0	1	98	0
0	2	0	98
0	0	99	0
40	3	57	0
13	33	17	37
10	0	47	42
30	2	2	66
43	8	46	3
69	23	4	4
0	34	10	56
87	0	7	7
1	0	99	0
0	13	87	0
1	1	8	90
0	19	41	39
53	0	33	13
33	12	11	43
