>yetfasco-1928
9	73	1	16
46	38	2	15
22	32	0	46
0	0	100	0
0	1	99	0
0	0	0	100
9	58	0	33
8	14	23	55
41	25	17	17
63	24	1	12
4	56	17	23
35	0	55	10
37	34	22	7
29	12	22	37
38	18	1	43
50	10	7	33
11	43	18	28
0	2	0	98
0	0	100	0
0	0	100	0
11	44	20	24
41	52	1	6
2	40	37	21
