>yetfasco-1527
0	100	0	0
0	6	94	0
0	0	100	0
66	14	13	8
28	24	48	0
13	35	16	37
57	16	24	3
6	55	19	21
25	0	11	64
7	28	45	20
3	18	0	79
12	31	25	32
16	37	37	9
23	30	21	25
3	81	16	0
0	100	0	0
0	0	100	0
