>yetfasco-1783
49	29	3	19
9	0	28	62
40	21	27	12
0	0	1	99
0	0	98	2
98	1	1	0
15	32	7	46
4	17	72	7
39	38	3	21
24	13	31	33
26	3	5	67
21	52	22	5
23	60	0	17
38	45	11	5
8	31	40	21
2	66	3	28
0	0	98	1
4	0	96	0
69	1	0	29
46	26	5	24
61	5	21	13
33	49	8	11
