>yetfasco-1148
63	13	25	0
0	0	25	75
100	0	0	0
50	13	0	38
0	0	0	100
63	0	13	25
75	0	0	25
25	0	0	75
100	0	0	0
13	0	0	88
13	0	0	88
88	0	0	13
25	75	0	0
38	50	0	13
63	13	0	25
50	0	0	50
13	13	25	50
