>yetfasco-845
6	22	43	29
10	55	15	19
48	11	11	29
8	40	19	33
46	5	37	12
25	3	67	5
10	72	14	3
5	92	1	2
35	35	28	2
1	0	98	1
97	1	2	0
3	1	96	0
1	1	0	98
5	93	1	2
89	4	2	5
49	12	32	7
29	14	32	25
37	11	8	43
18	37	18	27
40	14	34	11
44	23	24	9
