>yetfasco-821
19	7	35	39
28	30	25	17
16	30	32	22
20	21	30	29
13	32	29	27
26	21	9	43
20	2	6	71
7	80	5	8
88	8	1	3
1	2	95	2
2	95	3	1
1	96	3	1
17	3	78	3
1	49	6	44
60	11	11	18
5	70	3	21
11	31	35	22
53	17	18	11
15	9	45	31
20	27	16	36
14	14	65	7
