>yetfasco-877
10	16	53	21
33	19	30	17
13	23	32	32
41	25	20	14
39	19	23	19
31	20	14	36
8	15	34	43
4	74	3	19
1	23	1	75
1	99	0	1
0	2	98	0
0	1	99	0
2	36	30	33
67	0	1	32
69	7	6	18
11	22	37	30
27	12	19	42
35	21	21	23
26	22	18	35
24	10	35	31
28	25	17	30
