>yetfasco-937
0	14	0	86
14	14	0	71
29	29	14	29
14	57	14	14
0	43	0	57
57	43	0	0
14	43	0	43
71	0	0	29
57	0	0	43
0	0	0	100
43	43	0	14
14	0	57	29
0	14	0	86
14	14	0	71
0	100	0	0
