>yetfasco-1810
42	11	37	10
0	49	31	20
69	2	4	25
1	0	11	88
1	8	90	0
0	0	100	0
41	25	0	34
32	46	2	20
27	26	35	12
22	2	68	7
12	0	14	74
33	57	10	0
52	6	12	30
0	52	41	7
8	35	49	9
15	40	22	24
1	34	42	23
2	38	52	8
36	22	24	18
34	19	36	10
3	53	32	13
0	1	0	99
100	0	0	0
0	0	100	0
20	62	16	2
12	16	71	0
43	8	23	26
