>yetfasco-653
11	33	22	33
22	11	0	67
0	100	0	0
0	0	89	11
0	0	78	22
22	22	11	44
0	22	0	78
0	22	44	33
67	0	0	33
89	0	0	11
0	11	0	89
0	0	100	0
11	0	89	0
78	0	22	0
44	22	33	0
