>yetfasco-1612
11	40	49	0
1	1	97	1
18	0	79	3
70	0	19	11
35	0	34	31
49	9	42	0
2	94	3	0
7	66	1	26
6	0	94	0
9	51	3	37
97	0	3	0
66	12	22	0
27	59	0	14
34	45	15	6
47	30	9	14
69	3	28	0
