>yetfasco-1995
28	21	28	23
26	12	41	21
31	18	41	11
0	0	31	69
0	0	100	0
8	44	0	48
42	38	3	18
5	49	0	46
17	0	83	0
0	0	100	0
28	0	72	0
7	27	18	48
0	23	42	35
17	24	27	33
