>yetfasco-865
24	28	20	27
28	19	24	30
16	39	23	21
13	32	24	32
30	48	10	12
39	20	25	16
78	1	5	15
95	0	1	4
94	0	0	6
1	0	0	99
0	5	0	95
0	99	1	0
0	99	0	0
0	1	98	0
2	18	41	39
18	10	46	26
12	41	24	23
19	13	38	30
26	35	13	26
16	27	10	46
