>yetfasco-1785
15	19	31	35
4	27	61	8
18	22	4	57
99	0	0	1
0	0	100	0
1	0	0	99
14	13	58	14
2	0	67	30
30	27	41	2
3	6	45	46
60	0	33	7
33	4	25	38
7	7	2	85
42	8	12	38
2	32	50	16
27	32	24	17
36	9	46	10
6	9	24	61
14	0	0	86
0	99	0	0
0	100	0	0
32	0	25	43
32	40	7	21
3	51	31	15
