>yetfasco-871
27	7	33	33
26	6	40	28
27	17	11	45
35	20	19	26
61	8	22	9
4	6	58	33
1	0	98	0
99	0	0	1
1	0	0	99
0	11	0	88
1	0	1	98
98	0	2	0
0	99	0	0
22	2	75	2
4	24	17	55
21	46	5	27
25	14	24	38
27	17	17	38
30	34	20	16
54	14	24	8
