>yetfasco-1615
24	40	25	11
42	11	31	16
1	20	24	55
96	0	3	0
2	98	0	0
2	1	0	97
44	28	4	24
36	47	7	10
36	7	16	41
75	14	3	9
17	23	56	5
13	17	57	12
24	0	34	42
18	59	23	0
28	3	21	48
16	5	17	62
1	11	88	0
2	0	0	98
0	2	98	1
9	24	3	64
27	26	44	3
79	8	9	3
