>yetfasco-1920
28	55	1	16
24	4	63	9
20	44	37	0
0	0	5	94
82	6	0	12
0	96	1	2
12	10	69	10
47	19	0	34
24	33	3	40
40	24	23	12
47	12	0	41
13	13	28	46
0	81	11	8
71	4	15	11
8	29	10	53
11	14	27	48
36	33	22	9
0	6	91	2
9	0	0	91
96	0	0	4
11	43	4	42
10	19	52	19
25	28	34	12
