>yetfasco-1890
15	76	2	7
0	79	3	18
26	12	0	62
8	15	0	77
0	0	0	99
0	91	5	4
36	13	7	43
31	0	63	7
64	21	0	16
1	41	21	37
47	10	27	16
2	8	31	59
20	0	79	1
11	33	10	46
26	13	34	28
34	9	39	19
5	42	43	11
22	34	7	38
27	55	0	18
22	0	70	8
97	0	2	1
0	0	0	100
0	6	94	0
38	6	21	35
25	8	24	44
15	16	16	54
