>yetfasco-827
32	20	21	28
28	18	25	29
27	27	23	23
23	32	28	17
21	25	40	15
31	23	31	15
9	39	51	0
10	90	0	0
97	0	3	0
0	91	0	9
9	0	91	0
0	3	0	97
0	0	90	10
0	51	39	9
16	22	24	39
11	17	25	47
30	11	36	24
20	20	36	24
32	13	19	37
20	37	20	23
