>yetfasco-837
27	23	31	18
16	15	39	30
23	21	34	21
19	23	23	34
11	26	23	39
46	12	30	12
3	4	66	27
1	1	96	2
7	1	91	1
1	2	7	90
2	1	95	3
1	22	2	76
87	4	3	6
7	81	5	7
15	12	63	10
16	9	68	7
34	12	42	12
17	11	16	55
37	18	22	23
17	23	21	39
