>yetfasco-1939
12	36	35	17
9	38	0	53
10	41	47	2
1	29	10	60
0	91	0	8
99	0	0	1
43	16	31	9
12	49	10	29
33	26	16	25
21	38	0	40
28	5	3	63
49	12	12	27
11	37	50	2
3	17	34	46
35	57	1	7
32	46	10	12
27	34	18	20
34	6	51	9
15	34	27	24
71	10	17	2
35	44	5	16
0	2	98	0
0	0	0	100
7	92	0	1
28	22	37	14
44	24	31	1
30	59	9	2
