>yetfasco-1867
5	24	43	28
28	1	50	22
49	4	21	26
94	5	0	0
99	0	0	0
0	0	0	100
24	5	9	62
5	7	49	39
49	47	0	3
13	50	14	23
3	12	83	1
56	0	0	44
13	0	6	81
4	64	5	27
12	62	19	7
10	4	41	45
1	15	65	19
11	9	47	33
28	0	27	45
93	7	0	0
0	0	99	1
0	100	0	0
55	0	0	45
11	33	1	55
37	51	1	11
