>yetfasco-850
30	13	35	22
24	32	12	32
33	25	22	21
32	23	25	20
43	8	19	30
41	9	14	37
83	1	3	13
72	0	0	27
43	0	0	56
27	0	0	72
72	0	0	27
56	0	0	43
27	0	0	72
13	3	1	83
39	8	13	40
21	28	14	37
31	17	14	38
40	15	24	21
35	20	12	33
33	34	14	19
