>yetfasco-1820
26	0	11	63
34	53	12	0
46	37	17	0
57	23	20	0
0	78	0	21
0	76	1	23
20	49	2	28
13	16	37	34
12	0	15	73
100	0	0	0
0	100	0	0
54	0	8	39
16	4	44	36
34	2	37	27
14	13	56	17
