>yetfasco-1645
4	10	41	45
3	11	31	55
37	31	20	12
0	95	4	0
0	86	14	0
7	10	81	2
4	15	75	6
43	14	13	31
34	16	21	29
22	40	38	0
17	53	30	0
5	18	77	0
0	24	76	0
56	10	6	29
28	40	29	3
4	34	33	28
