>yetfasco-846
17	14	27	41
26	18	20	36
25	29	31	15
24	31	18	27
40	11	22	28
39	3	14	44
87	0	1	13
3	0	0	96
3	2	96	0
0	3	0	97
0	0	99	0
2	1	0	96
0	99	0	0
97	0	1	2
30	32	9	29
47	16	11	26
19	16	22	43
29	24	17	30
17	25	22	36
25	25	18	32
