>yetfasco-452
31	19	13	38
58	8	15	19
21	25	54	0
10	38	4	48
10	0	85	6
46	6	6	42
0	100	0	0
88	0	12	0
0	96	0	4
92	0	0	8
88	0	8	4
81	0	0	19
52	17	12	19
25	4	27	44
40	29	12	19
38	13	13	35
35	15	19	31
