>yetfasco-1901
12	0	84	3
0	0	17	82
64	15	10	11
1	0	0	99
0	100	0	0
94	0	6	0
18	36	14	33
45	5	48	2
54	0	18	29
28	16	49	7
33	30	25	12
4	57	6	34
54	14	0	31
35	19	43	4
94	0	6	0
2	98	0	0
0	2	45	53
19	69	11	0
46	18	1	35
34	35	6	25
