>yetfasco-798
28	25	39	8
34	19	15	32
25	35	9	31
16	20	15	48
55	14	15	16
12	10	70	8
29	20	27	25
33	11	3	53
91	1	3	6
1	1	2	96
98	0	0	1
4	0	1	95
97	0	1	2
4	0	0	95
88	1	2	8
19	6	9	66
26	12	13	48
14	38	37	11
27	23	38	12
35	18	17	30
25	19	27	29
