>yetfasco-1633
26	13	13	48
48	16	1	36
8	0	49	43
0	0	100	0
98	0	0	2
3	0	0	97
82	0	0	18
0	41	41	18
18	50	19	13
20	23	46	11
1	36	56	7
37	1	59	3
45	0	34	21
29	33	24	14
13	4	49	34
2	36	47	14
5	29	0	66
53	2	5	40
0	44	20	36
0	0	0	99
0	100	0	0
95	0	0	4
0	66	32	2
32	31	33	4
23	6	61	10
