>yetfasco-1769
2	11	0	87
21	0	6	73
67	12	5	16
0	39	0	61
39	29	6	27
0	0	0	100
42	40	1	18
4	3	79	14
15	71	7	6
0	0	29	71
40	2	55	3
0	0	0	100
65	0	3	33
0	36	61	4
19	13	19	49
