>yetfasco-1014
22	17	12	48
29	16	5	50
34	10	24	31
72	0	3	24
0	100	0	0
0	0	100	0
0	98	0	2
0	2	98	0
2	0	2	97
0	55	0	45
14	16	28	43
14	40	19	28
21	22	43	14
26	12	17	45
19	28	21	33
26	17	21	36
29	29	17	24
