>yetfasco-1620
1	77	18	4
36	26	27	10
24	64	5	7
0	0	99	1
0	97	2	1
0	25	75	0
4	22	53	20
39	6	52	4
5	6	88	2
23	44	21	12
18	39	38	5
11	57	7	24
16	33	1	50
8	26	35	30
2	55	9	34
43	44	3	10
37	35	1	27
15	35	24	26
0	92	0	8
2	0	96	1
0	0	99	0
21	24	50	4
19	34	12	36
7	31	45	17
