>yetfasco-1559
34	0	0	66
0	0	0	100
0	47	0	53
0	11	0	89
82	0	18	0
89	0	0	11
52	0	17	31
22	37	0	42
0	0	0	100
0	5	0	95
47	0	0	53
24	21	46	9
15	72	12	0
0	39	0	61
16	37	13	34
