>yetfasco-859
23	17	27	33
21	20	26	33
30	15	30	25
55	8	24	13
44	21	23	12
1	52	1	45
0	0	99	0
0	2	0	98
97	2	0	1
71	0	28	1
99	0	1	0
0	0	0	99
0	99	0	0
64	30	2	4
13	47	9	31
36	12	13	39
26	15	13	46
20	29	14	36
31	27	20	23
22	20	29	28
