>yetfasco-2028
29	0	0	71
30	40	9	20
20	17	60	2
0	3	0	97
0	13	0	87
27	0	0	73
0	50	11	39
19	8	0	73
8	53	25	14
20	5	75	0
24	9	35	33
0	3	65	32
72	10	0	18
1	0	60	39
0	0	4	95
1	7	7	86
0	13	0	87
0	68	8	24
0	2	96	1
19	68	0	13
