>yetfasco-1766
0	12	87	0
3	19	31	47
55	0	12	34
97	0	0	2
0	3	78	19
1	0	10	89
31	60	7	1
10	58	13	20
31	17	46	6
0	25	6	69
0	6	52	42
55	12	33	0
12	46	11	31
2	50	26	21
30	40	13	17
3	24	54	18
28	0	21	51
30	23	28	19
0	16	27	57
35	3	63	0
3	0	0	97
2	0	98	0
0	0	100	0
19	14	10	57
62	0	10	27
25	0	15	60
