>yetfasco-1762
8	38	44	10
15	56	24	5
20	41	29	10
0	87	12	0
80	0	19	0
0	95	4	1
43	49	6	2
41	30	1	27
19	9	27	45
19	23	52	6
10	38	16	36
43	0	33	24
52	23	15	11
0	14	77	9
42	10	0	47
20	9	38	33
3	17	8	71
24	44	0	32
8	0	50	42
9	44	14	33
0	92	0	8
0	95	5	0
0	0	100	0
30	24	2	44
22	17	54	8
37	49	2	11
