>yetfasco-853
22	34	3	41
50	17	11	21
34	3	12	51
46	36	5	12
44	24	15	17
15	18	35	31
62	13	15	9
25	27	39	9
4	80	9	7
4	5	89	3
0	99	1	0
0	2	98	0
1	98	0	1
1	1	98	0
8	74	11	7
4	19	28	48
34	36	16	14
23	22	14	40
21	13	34	33
9	6	21	65
14	23	43	20
