>yetfasco-861
56	15	11	18
28	19	19	34
24	30	24	21
17	16	16	51
15	35	23	27
38	10	23	29
74	3	10	13
36	1	2	62
11	3	1	84
12	6	2	79
16	50	3	31
14	29	4	52
2	86	11	2
3	92	4	1
3	8	83	5
49	15	29	8
30	17	20	33
20	18	31	31
46	12	11	31
30	15	19	35
14	25	20	41
