>yetfasco-2005
15	16	54	15
14	16	0	70
13	12	35	41
10	30	30	30
4	96	0	0
0	99	1	0
24	46	14	16
66	21	8	5
84	0	4	12
25	7	9	59
13	17	7	63
41	21	20	18
0	0	98	1
15	1	84	0
61	2	21	16
68	23	0	9
84	0	15	1
35	31	7	27
