>yetfasco-1437
32	1	27	41
24	55	7	14
30	15	30	25
24	16	7	54
4	3	87	5
3	6	2	89
48	10	7	36
41	5	18	36
33	30	7	30
19	32	15	34
37	12	19	33
43	27	30	1
34	0	44	22
28	37	3	32
34	32	30	3
35	40	5	20
40	35	3	23
6	14	6	74
14	38	13	34
22	36	0	42
