>yetfasco-810
10	17	55	19
17	17	20	46
18	42	6	34
19	38	11	32
51	6	19	24
55	12	15	18
78	4	7	12
50	3	3	44
10	1	0	89
5	1	0	94
1	0	0	98
1	0	2	97
0	6	2	92
0	99	0	0
97	1	3	0
15	59	8	18
13	12	14	61
17	33	20	31
31	25	13	31
23	17	32	28
23	18	30	29
