>yetfasco-843
17	17	17	49
20	30	26	24
33	28	26	13
16	19	39	26
32	30	19	19
27	39	20	14
15	31	33	21
21	14	13	52
2	10	81	7
0	98	1	1
0	1	99	0
0	0	99	0
81	2	16	1
34	1	3	63
79	7	11	3
16	16	21	47
19	29	30	22
27	19	33	21
30	26	21	23
18	20	26	36
11	43	27	19
