>yetfasco-831
25	26	24	25
40	11	32	18
17	22	7	55
15	8	29	48
8	10	9	72
13	81	1	5
1	81	1	17
12	27	44	17
60	8	17	15
66	1	4	29
29	4	1	66
15	17	8	60
23	24	41	12
17	1	81	1
5	1	81	13
67	13	3	17
66	16	8	9
52	10	20	17
24	31	28	17
48	11	16	25
