>yetfasco-1726
53	2	45	1
30	33	32	5
7	8	68	17
100	0	0	0
0	1	97	1
0	0	20	80
42	38	4	16
71	3	0	25
39	61	0	0
10	0	39	51
0	55	15	30
56	0	44	0
6	5	55	35
4	2	2	92
93	0	7	0
0	98	1	0
59	18	10	13
39	0	0	61
39	30	0	30
