>yetfasco-1507
14	26	38	23
11	8	44	37
28	33	17	21
11	41	43	5
4	92	3	2
16	13	33	38
63	12	4	22
29	26	37	9
47	14	26	13
37	7	42	14
27	28	23	23
10	4	77	10
24	6	62	8
49	17	26	8
84	7	5	4
75	7	11	8
