>yetfasco-1854
29	7	13	50
52	0	6	41
2	55	34	8
0	82	16	1
0	1	1	98
0	0	100	0
41	12	37	10
39	48	0	13
27	30	9	34
0	57	0	43
31	35	10	24
6	70	17	7
0	49	26	25
2	69	11	19
30	26	28	15
16	50	29	4
4	19	34	42
18	0	77	5
1	44	3	52
45	53	2	0
99	0	0	1
1	98	0	0
0	99	1	0
31	6	28	35
52	14	0	34
46	0	20	34
