>yetfasco-943
31	31	15	23
27	15	21	38
15	15	33	38
50	31	6	13
0	0	0	100
0	0	13	88
100	0	0	0
8	58	6	27
54	27	13	6
0	0	0	100
85	15	0	0
100	0	0	0
0	4	42	54
4	96	0	0
63	8	6	23
33	27	19	21
40	27	21	13
52	10	15	23
