>yetfasco-819
22	21	21	36
19	22	18	41
22	39	25	14
27	38	17	18
37	29	10	24
64	9	11	17
1	27	3	69
11	10	0	79
97	1	0	1
97	0	0	3
3	0	0	97
1	0	1	97
79	0	10	11
69	3	27	1
35	9	10	46
27	17	21	35
35	15	14	36
26	32	22	20
14	17	33	35
11	41	39	9
