>yetfasco-1825
12	35	17	36
39	0	53	8
0	45	0	55
1	97	0	2
97	0	2	0
1	0	20	80
32	3	0	65
36	7	56	1
17	28	24	31
0	62	1	37
6	0	44	50
3	51	41	5
44	5	3	48
31	25	0	45
39	47	9	4
2	98	0	0
100	0	0	0
3	0	96	0
5	11	14	71
5	23	43	29
25	66	0	9
