>yetfasco-830
24	20	22	34
28	15	27	31
34	17	22	26
57	15	14	14
50	11	18	22
38	16	13	34
18	0	81	0
1	0	0	98
95	5	0	0
98	1	0	1
99	0	0	1
0	80	0	20
99	0	0	1
82	7	3	7
68	3	11	18
21	21	45	13
35	17	32	15
21	24	27	28
32	7	43	18
34	26	27	12
