>yetfasco-1478
9	7	64	21
6	6	85	2
3	11	5	81
24	5	6	65
20	13	62	5
1	75	1	23
4	70	5	21
65	6	21	9
3	19	6	72
22	3	72	3
22	20	54	5
8	66	2	23
62	11	24	3
87	1	10	1
8	75	11	6
8	18	69	5
