>yetfasco-869
33	23	11	32
23	21	26	30
27	22	28	23
35	20	10	35
25	22	15	38
52	9	29	10
94	1	1	4
97	0	1	2
0	71	29	0
0	2	0	98
0	99	0	0
0	98	1	0
0	0	99	0
79	2	17	2
52	8	26	14
38	25	15	22
34	21	17	28
28	20	21	31
16	25	25	33
28	14	24	34
