>yetfasco-809
14	22	30	34
29	11	17	44
26	23	7	44
34	10	27	29
26	8	35	30
42	20	18	20
36	7	51	7
3	8	4	84
16	2	82	1
1	0	0	99
0	0	0	99
0	99	0	1
0	10	20	70
53	17	11	19
1	20	0	79
45	23	20	12
27	19	28	25
15	31	17	37
17	32	27	24
19	38	12	31
32	21	9	38
