>yetfasco-808
36	14	28	22
40	13	32	14
42	15	18	25
47	9	24	20
27	12	23	38
25	25	21	30
5	10	84	2
93	1	2	4
0	98	0	1
0	0	95	5
1	99	0	0
91	1	7	2
65	21	5	9
51	9	4	37
24	18	18	40
30	19	18	33
26	29	18	28
20	18	39	23
27	11	14	47
17	15	29	39
