>yetfasco-1695
0	36	53	10
27	34	1	39
5	30	31	33
0	94	4	2
0	94	4	2
0	6	94	0
1	10	85	5
62	6	6	26
0	96	4	0
30	35	31	4
39	27	33	1
5	12	59	24
17	38	42	4
70	0	30	0
93	5	2	0
61	27	12	0
30	12	45	13
51	8	26	15
12	43	30	14
