>yetfasco-813
9	53	29	10
49	9	22	21
15	33	19	33
28	25	18	29
27	44	15	14
38	15	44	3
6	76	10	7
8	3	84	5
3	2	88	6
69	5	20	6
60	3	15	21
79	5	5	11
22	3	5	70
62	2	12	24
58	17	13	12
24	21	39	16
32	12	30	26
22	47	16	14
19	25	44	13
7	10	59	24
31	14	7	49
