>yetfasco-1684
28	23	24	24
36	14	31	19
39	0	54	6
0	0	33	67
0	0	99	1
23	32	1	44
50	24	4	22
7	49	0	44
12	0	88	0
0	0	100	0
37	0	63	0
0	13	22	65
3	37	31	29
24	25	18	32
