>yetfasco-815
15	23	25	36
31	19	26	23
14	20	32	34
34	19	31	16
26	14	16	44
13	56	16	14
58	1	40	1
51	1	48	0
1	1	98	0
95	0	0	5
98	0	0	1
0	3	0	96
0	0	92	8
1	23	1	75
21	7	22	50
21	20	43	16
26	19	35	19
21	17	20	42
23	14	26	37
28	13	30	29
