>yetfasco-1610
96	1	3	0
5	12	32	51
18	23	42	17
0	30	0	69
99	0	0	0
2	0	98	0
20	59	5	17
51	2	16	32
2	11	82	4
34	28	25	13
7	82	0	11
88	11	0	0
0	26	68	6
1	0	68	31
100	0	0	0
44	1	52	3
1	0	5	94
16	11	29	45
