>yetfasco-811
15	8	16	61
26	24	22	28
26	27	27	20
26	33	18	24
26	16	36	22
32	7	43	17
13	72	4	11
4	27	0	69
0	0	99	0
99	0	0	0
0	0	0	99
98	0	0	2
99	0	0	0
1	6	93	0
27	22	49	1
28	17	44	12
51	13	11	25
24	23	25	28
34	16	23	28
32	25	16	27
