>yetfasco-805
9	18	35	39
19	18	53	10
13	33	49	6
67	7	18	8
19	25	45	11
10	22	17	51
0	0	99	1
14	74	2	11
0	1	99	0
1	1	98	0
0	1	99	0
0	0	99	1
6	9	11	75
83	2	7	9
29	44	16	11
19	15	21	46
24	11	43	21
18	31	17	34
69	5	15	11
46	18	18	18
