>yetfasco-788
27	23	17	33
16	23	40	21
16	55	7	22
30	27	30	12
31	24	20	25
37	4	9	50
17	0	82	0
6	0	93	0
92	0	1	7
0	99	0	1
0	99	0	0
0	99	0	0
0	4	0	96
5	1	49	46
44	9	26	21
20	27	11	42
24	26	24	26
18	28	25	29
33	20	23	24
27	14	40	18
