>yetfasco-1839
72	18	2	8
29	28	0	42
26	9	29	36
66	17	0	17
0	100	0	0
67	10	11	12
20	56	0	24
7	17	56	20
60	2	36	2
16	1	6	76
23	33	24	20
1	49	21	29
56	14	3	27
2	1	26	72
10	9	81	0
100	0	0	0
0	20	60	20
38	57	5	0
74	6	9	10
