>yetfasco-858
32	19	18	31
16	33	26	25
21	21	33	26
29	21	14	35
35	21	24	20
67	6	16	12
0	97	0	2
0	1	99	0
0	99	0	0
0	99	0	0
91	8	0	1
0	99	0	1
1	96	0	3
2	77	18	3
13	7	30	51
54	9	24	13
43	17	20	20
29	21	9	41
18	43	17	22
23	27	32	19
