>yetfasco-1844
5	13	36	45
61	0	0	38
56	35	1	8
1	0	0	99
0	0	100	0
100	0	0	0
44	42	2	12
30	6	57	8
48	38	2	12
36	11	51	2
49	5	19	26
0	85	3	12
34	0	32	34
3	31	30	36
27	0	3	70
0	0	98	2
0	95	5	0
0	0	0	99
8	49	0	43
17	77	1	4
54	0	8	38
