>yetfasco-878
12	14	21	53
13	12	40	34
9	44	22	25
36	14	24	25
11	28	20	41
18	35	21	26
6	21	2	72
5	22	66	7
96	0	1	3
0	98	1	0
6	0	94	0
0	95	0	5
1	0	99	0
5	1	0	94
17	54	7	23
25	14	33	27
15	36	12	36
19	39	22	19
12	43	18	27
39	25	16	20
