>yetfasco-848
31	17	28	23
16	38	7	39
25	10	51	14
29	18	16	37
47	12	32	9
23	35	11	31
13	11	7	69
79	8	7	6
4	96	0	0
0	97	0	3
0	99	0	0
0	99	0	0
11	0	80	8
0	99	0	0
69	8	1	22
20	33	16	31
28	27	8	36
28	14	21	38
32	16	33	18
21	27	22	30
9	32	35	24
