>yetfasco-1159
21	25	22	31
24	21	19	36
19	13	47	20
64	28	0	8
0	0	0	100
1	0	21	78
99	1	0	0
0	8	91	1
1	0	0	99
84	16	0	0
100	0	0	0
3	6	44	47
30	40	13	16
51	16	9	25
39	10	24	27
38	11	18	33
34	12	25	29
