>yetfasco-1990
70	16	0	14
74	17	1	9
15	2	0	82
7	0	92	0
2	2	78	19
0	3	0	96
8	17	14	62
24	10	66	0
13	5	0	82
0	48	50	2
36	19	23	21
37	0	14	49
41	30	0	28
98	0	2	0
0	100	0	0
4	0	0	95
17	13	44	26
32	21	11	36
85	0	14	0
