>yetfasco-1653
3	12	46	38
50	34	0	16
81	1	6	11
94	1	2	3
0	1	0	98
80	16	4	1
81	1	1	16
30	0	2	68
31	6	2	61
29	23	1	47
70	1	0	29
15	9	62	14
12	43	2	44
21	9	39	31
90	0	7	2
79	0	1	20
0	11	2	86
3	27	0	71
23	37	0	40
99	0	0	0
1	4	0	95
94	3	0	3
2	0	32	66
2	3	68	27
13	20	64	3
