>yetfasco-804
15	43	28	13
30	33	19	19
28	19	21	32
25	26	14	34
35	22	25	18
42	14	18	26
72	0	1	27
20	3	0	77
8	85	2	5
1	1	2	97
0	99	0	0
0	97	3	0
0	0	99	0
84	2	12	2
33	13	37	17
28	28	31	13
19	34	22	24
16	46	17	21
31	20	37	12
28	30	24	18
