>yetfasco-833
24	20	32	24
24	12	36	28
38	21	23	18
29	21	30	21
18	23	30	29
27	18	21	34
4	82	7	8
14	10	1	75
98	0	0	1
0	0	0	99
0	0	0	99
2	0	98	0
0	0	0	99
4	8	4	84
19	37	12	33
28	25	13	35
30	22	24	25
26	30	17	27
39	21	20	20
29	19	27	25
