>yetfasco-839
27	18	13	41
37	26	12	24
28	24	33	14
38	26	12	24
31	10	35	24
37	22	20	21
73	3	12	12
13	18	11	59
51	26	23	1
2	1	96	1
96	2	1	2
96	1	2	1
2	5	81	12
62	13	22	4
60	13	4	23
54	22	5	19
26	16	15	44
49	10	22	19
43	7	10	40
37	12	15	36
41	12	7	40
