>yetfasco-1875
0	27	30	43
0	66	13	20
79	20	1	0
99	0	0	1
0	100	0	0
0	4	0	96
28	57	11	4
26	0	8	66
29	12	54	5
60	25	12	4
38	1	57	4
13	14	39	34
13	67	10	10
7	7	0	85
0	0	39	61
6	1	93	0
0	62	25	13
10	27	8	55
51	4	1	44
