>yetfasco-1872
45	6	0	49
29	12	43	16
46	0	20	33
2	0	98	0
98	1	0	0
0	95	4	0
10	85	0	5
35	27	12	26
68	21	2	10
13	30	28	29
20	27	37	16
5	0	55	40
37	38	18	7
17	4	47	32
22	0	24	54
27	7	19	47
44	28	20	8
5	49	14	32
22	18	45	14
63	25	3	10
0	0	1	99
0	0	100	0
1	97	1	1
33	1	16	50
59	0	14	26
39	11	18	31
