>yetfasco-829
29	28	12	31
20	28	16	36
17	21	17	44
22	40	14	24
20	43	18	19
10	11	50	29
19	2	68	12
44	48	4	3
1	95	0	3
94	1	5	1
2	97	1	1
97	0	1	2
97	1	2	1
95	0	1	4
71	2	24	2
50	18	8	24
12	63	10	15
13	33	44	10
31	33	28	8
36	18	23	23
48	19	17	15
