>yetfasco-1716
17	61	22	0
46	12	32	11
29	3	60	7
25	4	23	48
94	6	0	0
75	0	25	0
36	10	47	7
30	43	27	0
7	31	50	12
83	0	0	17
85	15	0	0
94	0	6	0
73	15	0	11
42	0	24	34
7	48	31	14
