>yetfasco-862
27	35	13	25
27	25	20	28
31	18	27	24
24	25	19	31
33	13	34	20
68	5	14	13
70	1	7	22
94	0	0	5
11	0	0	89
99	0	1	0
1	0	99	0
0	0	99	0
5	0	95	0
1	0	98	1
4	34	23	39
53	16	13	18
22	15	52	11
24	28	29	19
27	17	22	34
35	18	18	29
