>yetfasco-854
24	34	25	17
21	51	22	6
44	9	40	7
25	31	32	12
14	11	31	44
24	11	11	55
46	20	7	27
3	13	22	62
15	15	69	2
5	5	88	2
2	88	5	5
2	69	15	15
62	22	13	3
26	8	22	44
55	11	11	24
31	16	20	32
18	36	26	21
26	8	11	55
10	51	24	15
20	36	23	20
18	17	18	47
