>yetfasco-1856
19	23	55	3
30	0	53	17
53	27	7	13
88	0	12	0
7	0	0	93
86	0	13	1
45	0	33	22
38	15	2	44
22	0	43	35
99	1	0	0
42	0	0	58
64	0	35	1
16	9	30	45
33	14	31	22
44	0	31	25
