>yetfasco-797
21	41	17	22
32	37	8	22
30	15	43	12
31	17	20	33
46	10	35	8
38	9	41	13
78	7	7	7
90	4	5	2
90	1	5	4
86	1	4	9
41	2	3	54
9	4	1	86
4	5	1	90
2	5	4	90
7	7	7	78
8	34	4	53
27	30	8	35
24	29	22	25
34	19	17	29
31	19	29	20
25	16	16	43
