>yetfasco-1823
4	63	20	13
2	32	49	17
35	5	58	2
1	0	1	99
0	1	2	96
98	2	0	0
2	19	34	45
21	1	36	42
20	4	18	59
43	15	2	41
3	85	9	3
42	45	9	4
21	32	43	4
6	74	18	2
66	13	12	9
0	14	51	35
2	27	44	27
9	56	30	6
0	0	100	0
0	0	0	100
100	0	0	0
11	87	2	0
5	45	0	50
49	0	21	29
