>yetfasco-1454
72	5	17	6
6	5	24	65
26	22	6	47
21	32	21	26
6	66	10	18
14	37	42	7
11	21	15	53
19	39	17	25
28	19	35	19
23	21	10	47
60	22	11	7
27	44	7	22
15	22	57	6
19	17	43	21
58	13	9	20
57	28	8	7
77	7	10	7
22	22	6	49
34	33	8	25
51	2	4	44
62	5	23	11
5	82	7	6
69	13	11	7
23	42	19	16
