>yetfasco-1817
6	39	12	43
0	4	38	57
38	0	1	61
0	0	0	100
1	2	97	0
99	1	0	0
15	70	2	12
33	0	23	43
17	1	50	33
21	46	33	1
23	20	42	14
27	56	6	11
36	0	52	13
19	20	14	47
50	29	10	11
5	53	40	2
9	0	75	15
54	46	0	0
0	99	0	1
71	0	0	29
30	64	3	2
0	32	67	1
7	2	51	41
