>yetfasco-1992
42	20	27	12
32	40	23	5
2	53	25	19
0	99	0	0
1	0	5	93
0	0	0	100
5	0	76	19
57	9	18	16
19	9	17	56
33	16	0	51
2	60	21	17
9	46	40	5
14	1	43	42
10	20	68	2
23	49	0	28
23	40	37	0
14	0	76	10
5	9	26	60
16	27	35	22
18	37	44	1
3	26	37	34
97	0	3	0
0	22	76	2
1	94	0	4
11	58	31	0
0	2	80	18
35	12	28	25
