>yetfasco-826
29	28	22	20
25	21	35	19
32	28	24	17
54	8	13	25
27	23	15	34
25	21	25	29
1	3	1	95
5	1	1	92
0	96	0	3
0	97	2	0
0	2	97	0
3	0	96	0
92	1	1	5
95	1	3	1
3	79	5	13
29	24	24	24
37	16	16	31
32	29	17	23
28	32	13	27
25	18	36	21
