>yetfasco-1729
6	82	1	10
51	10	6	33
8	15	44	34
0	24	73	4
0	100	0	0
97	0	2	0
12	83	2	3
4	95	1	0
60	8	5	26
21	36	25	17
6	58	30	5
32	5	61	3
29	51	1	20
28	0	57	15
4	51	34	10
26	19	25	29
58	23	4	15
87	0	7	5
0	0	100	0
2	0	0	98
46	0	28	25
33	9	0	58
56	0	25	18
