>yetfasco-1619
11	12	17	59
29	54	14	3
47	23	5	25
0	99	0	1
4	3	92	0
0	100	0	0
68	2	15	15
31	11	41	16
0	60	20	19
0	8	24	68
18	37	21	23
45	34	14	7
23	36	9	32
3	14	11	72
19	35	33	12
10	18	14	58
26	21	25	28
4	38	25	33
7	6	77	10
52	7	2	38
0	99	0	0
1	2	97	0
0	100	0	0
33	11	16	40
40	9	38	13
10	30	55	6
