>yetfasco-1883
23	21	26	30
93	4	0	3
38	22	37	3
0	3	1	96
77	18	1	4
2	0	98	0
32	24	1	44
16	17	65	2
0	52	24	24
14	31	15	40
12	77	9	3
39	9	5	48
21	0	39	40
27	33	1	38
85	7	1	8
58	5	23	14
9	0	30	61
54	19	4	23
20	3	30	47
91	2	7	0
0	99	0	0
0	28	2	69
1	0	66	33
54	7	34	4
0	48	45	7
