>yetfasco-864
26	23	17	34
17	20	38	25
10	46	29	16
27	10	10	53
28	27	28	17
39	15	26	20
13	15	9	64
40	6	4	50
10	23	3	63
75	13	5	8
87	2	2	10
10	2	2	87
8	5	13	75
63	3	23	10
35	11	13	41
64	9	15	13
15	5	62	18
20	16	55	9
20	14	10	57
36	27	19	19
41	24	24	11
