>yetfasco-1878
1	19	44	36
43	1	5	50
0	3	80	17
99	0	0	1
1	97	0	1
0	100	0	0
41	20	37	2
12	6	77	5
46	37	13	4
0	26	39	35
12	30	0	58
20	30	13	37
1	1	68	30
2	75	0	23
61	39	0	0
0	92	8	0
0	82	3	14
12	40	36	11
4	42	2	52
58	0	31	11
