>yetfasco-1974
4	66	0	31
37	39	10	14
41	16	0	43
0	99	0	0
100	0	0	0
0	88	0	12
6	27	18	49
2	15	54	29
16	40	4	39
7	60	5	28
3	29	16	53
89	1	0	11
44	53	0	3
8	0	2	90
11	88	0	0
99	0	0	0
0	99	1	0
0	68	0	32
29	32	14	25
13	41	9	37
