>yetfasco-1616
28	15	33	24
41	49	1	9
17	11	2	69
85	10	0	5
0	0	2	98
0	100	0	0
84	4	8	4
3	62	14	21
44	4	40	12
21	46	27	6
20	52	29	0
34	0	21	45
26	55	0	19
21	35	1	43
38	31	17	14
8	62	21	10
59	12	1	29
7	65	27	0
11	0	0	89
30	30	1	39
2	43	51	4
1	98	0	0
83	0	0	17
0	2	98	0
18	13	1	68
3	32	45	20
34	11	29	27
