>yetfasco-1449
46	10	24	21
7	88	4	1
11	8	73	9
7	6	75	12
25	30	21	24
22	17	47	15
16	29	18	37
20	31	24	24
27	50	14	9
47	20	22	11
38	27	20	16
41	19	21	19
41	30	19	11
34	28	23	16
45	15	22	18
16	36	16	32
18	61	14	7
13	57	15	15
13	5	66	16
17	38	28	18
