>yetfasco-1687
20	39	14	27
15	40	16	29
40	23	8	29
0	3	19	78
90	9	0	1
0	98	2	0
13	11	4	71
23	0	38	39
1	23	54	22
27	21	50	2
62	24	0	14
11	30	44	16
10	71	8	11
1	5	81	14
33	62	1	4
17	11	21	50
74	21	4	0
45	0	0	55
3	82	15	0
33	32	16	19
4	3	5	88
24	14	34	27
