>yetfasco-1983
26	19	32	23
22	24	35	18
20	25	33	22
0	82	18	0
0	100	0	0
0	0	79	21
18	22	39	22
19	10	25	45
37	14	23	26
22	34	20	23
24	76	0	0
0	0	100	0
0	22	78	0
25	31	27	17
25	36	23	16
25	25	26	25
