>yetfasco-1919
24	2	1	73
20	8	2	70
66	6	1	26
0	0	0	100
91	0	9	0
0	100	0	0
53	40	3	4
5	14	40	42
58	6	2	35
17	14	62	7
16	67	0	17
17	27	24	32
3	48	5	44
21	60	15	4
7	41	27	26
15	29	5	50
34	52	12	2
20	37	28	15
26	38	1	35
10	13	25	52
1	0	96	3
91	0	2	7
93	0	6	1
38	17	32	14
30	39	19	12
68	1	25	6
