>yetfasco-812
46	20	15	19
29	18	37	15
19	21	44	16
44	7	30	19
20	25	27	28
2	18	58	22
8	88	1	4
3	0	97	0
97	3	0	0
3	0	0	97
0	0	99	0
86	8	5	1
0	20	77	3
11	39	42	8
29	14	6	52
23	15	48	14
27	40	9	24
35	27	25	13
29	22	33	16
29	27	25	19
35	23	14	28
