>yetfasco-1440
11	3	4	81
9	2	5	84
54	39	3	4
16	3	73	7
2	3	52	43
29	23	25	22
28	31	13	28
36	29	2	33
33	2	29	36
28	13	31	28
22	25	23	29
43	52	3	2
7	73	3	16
4	3	39	54
84	5	2	9
81	4	3	11
