>yetfasco-415
42	0	54	4
72	22	1	6
58	29	13	0
68	1	30	1
25	50	0	25
57	18	2	24
7	2	77	15
58	0	42	0
74	2	18	7
82	2	10	7
69	18	2	11
76	22	1	1
22	5	55	18
74	22	2	3
100	0	0	0
96	4	0	0
58	2	6	33
76	1	22	1
