>yetfasco-814
7	42	28	23
29	36	11	24
31	29	17	23
27	21	31	22
47	7	24	21
43	25	15	16
2	13	3	82
86	0	14	0
2	0	98	0
93	0	0	7
7	0	0	93
0	98	0	2
0	14	0	86
82	3	13	2
12	30	9	48
37	10	11	42
19	56	10	15
24	14	40	23
25	34	28	13
24	35	22	18
