>yetfasco-866
25	16	32	27
22	30	37	10
30	27	16	28
22	33	31	15
18	30	29	23
14	32	35	19
2	5	6	87
15	1	0	84
98	0	1	1
10	1	0	89
12	12	3	73
0	5	1	93
0	97	2	0
0	99	0	0
2	0	97	1
1	60	5	34
15	27	37	21
22	29	28	21
27	14	27	33
15	37	15	33
14	30	34	21
