>yetfasco-1979
48	15	0	37
27	24	19	29
34	52	14	0
48	3	49	0
1	97	0	2
99	1	0	0
76	0	17	7
28	35	37	0
39	6	0	55
58	5	33	4
7	24	56	14
0	8	60	32
29	2	24	46
41	17	41	0
56	9	0	35
8	1	78	13
5	0	26	69
48	2	27	23
60	27	8	4
1	51	46	3
41	7	22	30
0	0	100	0
0	1	0	98
0	0	100	0
36	30	20	14
18	11	36	35
28	8	64	0
