>yetfasco-1724
73	2	0	25
6	0	34	60
58	2	0	39
0	5	95	0
1	0	0	99
0	0	94	6
26	60	11	4
11	0	16	73
46	15	38	1
0	26	73	0
50	0	38	12
11	12	63	14
30	14	4	51
18	33	21	29
1	56	19	24
30	7	34	28
71	5	12	13
1	28	25	46
27	21	22	31
37	24	0	39
2	0	98	0
32	1	8	59
17	0	80	3
46	0	54	0
0	23	40	37
2	38	12	48
