>yetfasco-860
27	19	25	29
36	13	26	25
31	25	17	27
32	25	14	29
12	45	17	27
24	43	32	2
11	66	1	23
0	0	99	0
99	0	0	0
0	0	0	99
97	0	0	3
99	0	0	0
1	13	86	0
29	24	46	1
48	19	21	12
38	11	32	19
43	13	20	25
24	23	17	36
28	23	29	19
27	23	32	18
