>yetfasco-2036
16	4	21	59
0	48	19	33
1	0	51	48
0	21	71	8
0	2	98	1
0	0	98	2
1	58	7	34
0	54	45	0
95	3	0	3
24	41	35	0
21	5	42	32
37	47	5	11
10	0	32	58
0	0	95	5
0	11	1	88
0	100	0	0
1	5	67	27
8	3	57	32
0	37	17	46
