>yetfasco-1665
42	22	0	36
0	0	58	42
17	11	53	19
0	3	97	0
9	0	0	91
0	0	0	100
9	0	39	52
0	10	60	30
41	21	1	36
4	0	0	96
6	21	30	43
11	0	78	11
0	41	0	59
34	58	2	5
42	20	34	5
1	0	99	0
1	5	1	94
0	24	1	75
71	20	0	9
4	20	64	12
29	0	39	32
