>yetfasco-1972
53	17	29	0
37	31	0	32
51	1	39	10
23	9	68	0
1	98	1	0
0	3	0	97
11	55	32	1
36	0	47	16
2	32	26	40
10	4	67	19
39	50	0	11
21	69	9	0
26	0	42	32
7	43	1	49
29	61	5	5
96	0	4	0
48	51	0	1
2	0	98	0
0	23	0	77
52	8	0	40
10	43	48	0
