>yetfasco-868
35	40	7	17
48	6	11	35
36	15	23	27
18	19	33	31
6	45	4	46
30	61	1	8
0	99	0	1
0	95	0	5
0	99	0	0
0	99	0	0
21	0	78	0
0	95	4	1
74	6	13	7
6	13	4	77
8	14	7	71
38	18	10	34
27	25	5	43
26	14	4	57
20	21	15	45
31	22	16	30
27	32	19	23
