>yetfasco-1792
43	9	27	22
2	12	49	38
0	85	4	11
5	6	0	89
83	16	1	0
98	2	0	0
5	50	17	28
7	17	14	62
38	1	33	28
22	1	24	52
78	5	0	18
59	27	0	14
1	23	49	27
16	1	80	3
0	95	0	4
92	7	1	0
10	2	61	27
25	50	2	24
1	0	20	79
