>yetfasco-1793
0	11	88	0
18	0	25	56
38	7	41	14
87	3	10	0
0	0	98	1
0	0	1	99
50	35	0	14
33	0	23	43
35	26	18	21
24	29	19	27
0	69	12	18
73	9	16	3
16	31	12	41
8	33	57	1
22	21	39	18
1	91	1	7
36	13	5	45
58	0	20	22
8	36	45	11
11	0	58	30
43	3	0	54
0	0	100	0
0	2	97	1
3	1	15	81
3	9	0	88
0	0	53	47
