>yetfasco-1908
5	0	53	42
35	15	19	32
2	18	25	55
0	12	0	88
0	9	89	3
2	0	97	1
40	22	0	38
1	0	0	99
58	11	31	0
61	19	19	0
47	43	0	10
0	51	38	12
32	3	2	63
98	2	0	0
0	17	0	83
0	0	100	0
0	3	39	58
1	59	40	1
9	33	0	57
