>yetfasco-1843
0	2	2	96
39	9	14	38
58	3	3	36
4	95	1	0
80	5	15	0
0	0	85	14
19	24	19	38
54	0	0	45
40	5	23	32
49	5	42	4
3	8	89	0
75	17	0	8
38	3	45	14
26	38	10	26
22	42	13	23
47	20	31	2
0	22	17	60
11	0	81	9
0	0	0	100
6	0	94	0
3	1	0	96
7	32	20	42
42	42	0	15
12	22	23	42
