>yetfasco-1747
16	0	66	17
49	50	2	0
75	12	8	4
94	6	0	1
14	0	85	0
0	0	0	100
73	11	14	2
10	54	13	23
21	2	59	19
5	83	12	0
37	29	0	34
28	19	17	36
44	19	0	37
60	3	0	37
1	14	82	3
9	73	5	13
41	20	1	38
96	0	3	1
0	81	0	19
1	0	97	2
41	26	2	31
4	13	24	59
35	43	19	3
