>yetfasco-1935
30	4	10	56
15	16	67	2
56	0	20	24
1	0	99	0
100	0	0	0
0	91	2	7
27	16	4	53
37	5	31	27
75	2	18	4
50	0	11	39
14	84	2	1
9	0	46	45
32	18	23	27
1	24	72	3
1	4	10	85
29	36	19	16
21	64	0	15
6	0	60	33
0	100	0	0
9	0	0	90
2	98	0	0
9	30	16	45
2	1	49	47
2	23	11	64
