>yetfasco-1703
6	13	47	34
77	3	2	17
0	31	5	64
53	0	47	0
1	72	0	27
2	79	19	1
51	8	31	10
48	14	28	10
41	0	0	58
72	0	28	0
1	61	17	21
26	33	15	26
20	2	2	76
10	0	60	30
75	7	1	18
0	0	97	3
0	0	3	97
100	0	0	0
47	43	0	10
22	9	0	69
87	0	0	13
