>yetfasco-1982
34	21	26	19
20	19	32	29
22	20	34	24
0	83	15	2
6	94	0	0
0	9	75	16
11	16	39	34
29	9	19	42
61	20	5	14
21	46	25	9
13	87	0	0
0	1	99	0
1	10	86	3
26	36	12	25
14	33	30	22
30	22	19	29
