>yetfasco-1604
6	51	15	28
30	30	11	29
24	27	21	28
0	0	11	88
90	9	0	1
0	96	1	3
36	18	11	34
20	0	9	71
32	2	24	42
24	55	6	15
5	46	37	12
73	8	9	10
16	40	30	14
3	21	64	13
36	0	37	28
61	4	0	35
23	38	39	1
5	25	22	47
1	10	63	25
41	9	0	51
38	25	13	24
0	0	100	0
0	99	1	0
15	0	0	85
33	19	8	40
40	38	18	5
13	29	52	7
