>yetfasco-1671
19	21	51	9
34	0	18	48
36	31	12	21
75	0	0	25
23	19	0	58
100	0	0	0
17	51	0	32
49	23	9	19
24	11	46	20
87	13	0	0
25	0	0	75
100	0	0	0
64	0	0	36
47	0	0	53
25	24	38	13
