>yetfasco-1428
26	26	26	21
33	5	38	24
26	0	2	71
0	0	12	88
0	100	0	0
0	0	0	100
100	0	0	0
38	0	0	62
52	0	0	48
55	0	0	45
76	0	0	24
0	0	0	100
100	0	0	0
0	0	100	0
64	33	0	2
10	37	5	49
17	38	7	38
25	33	25	18
