>yetfasco-1693
22	20	3	55
2	45	23	30
7	48	35	11
99	0	0	0
0	98	2	0
8	0	6	86
36	4	44	16
7	11	50	31
43	32	17	9
30	24	15	30
4	39	23	34
65	21	8	5
8	15	74	2
10	69	0	21
10	45	14	31
69	1	27	3
24	28	0	49
9	60	20	12
37	36	12	15
2	30	28	39
17	21	37	25
0	0	16	84
6	20	6	69
0	7	93	0
25	19	47	9
27	20	28	25
37	1	5	57
