>yetfasco-1933
49	42	4	5
46	6	5	43
0	21	68	10
100	0	0	0
0	96	0	4
0	0	3	97
85	0	0	15
2	25	33	40
17	8	74	0
4	2	72	22
26	0	49	25
1	36	63	0
52	22	9	17
0	0	97	3
100	0	0	0
93	2	5	0
57	0	18	24
88	0	5	7
3	35	29	33
