>yetfasco-1477
34	12	31	22
4	81	8	7
7	7	76	10
12	10	76	2
22	18	15	46
11	17	31	41
56	10	13	21
19	31	17	34
30	29	24	17
36	21	19	24
12	6	49	33
35	19	23	23
31	14	31	24
16	26	34	25
29	39	13	19
16	48	22	14
2	8	83	7
56	17	8	19
