>yetfasco-1952
10	32	42	16
23	12	8	58
47	46	0	7
0	96	3	0
1	0	99	0
100	0	0	0
11	0	54	35
10	46	9	35
29	1	37	34
9	0	9	82
5	35	56	4
48	16	23	13
7	13	4	76
0	14	48	38
0	41	30	29
42	8	45	5
55	37	8	0
54	3	21	22
97	1	0	1
0	23	2	75
1	98	0	1
29	0	60	10
21	10	62	7
38	12	7	42
