>yetfasco-1868
27	3	2	69
47	5	32	17
64	7	0	30
0	0	100	0
2	97	0	1
93	0	7	0
4	36	59	1
57	16	11	16
28	47	15	10
16	28	33	23
48	52	0	0
34	4	0	62
6	44	49	1
41	13	5	41
69	21	10	1
12	33	50	4
12	37	29	22
60	3	4	33
0	0	99	1
0	0	10	90
0	0	0	100
67	7	23	4
2	86	0	12
6	59	21	15
