>yetfasco-1892
0	45	38	17
12	42	1	46
4	1	41	55
97	2	1	0
0	100	0	0
0	54	46	0
22	43	5	29
71	20	9	1
38	0	43	19
0	74	14	13
1	4	53	42
55	0	0	45
23	15	49	14
17	42	34	7
82	0	0	17
0	99	0	1
0	99	0	0
55	40	1	4
20	2	57	22
87	1	2	10
