>yetfasco-1857
24	30	1	44
34	4	23	39
74	21	0	5
97	3	0	0
0	86	14	0
8	8	0	84
6	44	27	22
25	21	37	18
41	14	28	17
9	45	15	31
32	29	34	5
47	21	25	7
46	29	14	10
54	7	0	39
6	40	25	29
27	7	44	22
27	67	0	6
22	53	0	26
0	0	0	100
0	4	91	4
0	1	89	10
35	14	16	34
25	2	23	49
32	38	21	9
