>yetfasco-793
11	18	22	50
46	17	10	27
15	14	25	46
15	20	25	40
18	25	38	19
10	53	8	29
24	12	0	63
1	0	99	0
99	0	0	0
0	0	0	99
94	0	0	5
95	1	4	1
20	21	50	9
8	5	83	3
13	52	32	3
8	69	5	18
29	16	25	30
37	17	12	34
65	3	6	26
45	35	11	10
19	36	15	30
