>yetfasco-796
22	26	9	43
15	33	18	33
24	26	24	25
18	34	25	23
12	24	41	23
31	18	6	45
96	0	1	3
71	0	29	0
3	97	0	0
0	99	0	0
0	99	0	1
0	2	0	98
98	1	2	0
83	1	6	10
19	31	10	41
39	15	23	23
22	37	23	17
14	22	43	21
22	33	25	19
27	29	23	21
