>yetfasco-1675
16	18	34	32
22	4	34	40
17	17	32	34
0	23	5	72
2	97	0	0
92	0	7	0
71	0	18	10
12	36	19	33
23	20	24	33
62	7	0	31
17	20	45	17
10	28	0	62
0	44	44	12
38	13	21	27
34	6	47	13
43	30	1	26
34	2	28	36
13	11	14	62
27	33	13	28
46	21	10	23
12	0	86	2
85	0	8	7
1	0	98	0
0	94	0	6
5	42	29	24
70	22	5	2
34	5	32	29
