>yetfasco-1865
21	34	0	45
12	54	30	4
17	15	22	47
0	10	0	90
4	20	73	4
91	0	1	8
4	48	0	48
43	1	44	12
18	6	66	10
26	25	44	4
37	27	4	33
45	5	20	30
5	76	9	10
9	39	4	48
63	1	30	6
38	18	17	27
15	34	33	18
5	37	46	12
13	17	2	67
25	24	39	12
1	0	0	99
0	100	0	0
94	5	0	0
66	3	30	1
25	28	18	29
53	27	20	0
